{
 "cells": [
  {
   "cell_type": "code",
   "execution_count": 1,
   "metadata": {
    "collapsed": true
   },
   "outputs": [],
   "source": [
    "from datetime import datetime\n",
    "import numpy as np\n",
    "import pandas as pd\n",
    "import matplotlib.pyplot as plt\n",
    "\n"
   ]
  },
  {
   "cell_type": "code",
   "execution_count": 40,
   "metadata": {
    "collapsed": false,
    "scrolled": true
   },
   "outputs": [
    {
     "data": {
      "text/html": [
       "<div>\n",
       "<table border=\"1\" class=\"dataframe\">\n",
       "  <thead>\n",
       "    <tr style=\"text-align: right;\">\n",
       "      <th></th>\n",
       "      <th>high</th>\n",
       "      <th>medium</th>\n",
       "      <th>low</th>\n",
       "      <th>listing_id</th>\n",
       "    </tr>\n",
       "  </thead>\n",
       "  <tbody>\n",
       "    <tr>\n",
       "      <th>0</th>\n",
       "      <td>0.084941</td>\n",
       "      <td>0.537570</td>\n",
       "      <td>0.377489</td>\n",
       "      <td>7142618</td>\n",
       "    </tr>\n",
       "    <tr>\n",
       "      <th>1</th>\n",
       "      <td>0.128100</td>\n",
       "      <td>0.120806</td>\n",
       "      <td>0.751094</td>\n",
       "      <td>7210040</td>\n",
       "    </tr>\n",
       "    <tr>\n",
       "      <th>2</th>\n",
       "      <td>0.022805</td>\n",
       "      <td>0.162023</td>\n",
       "      <td>0.815172</td>\n",
       "      <td>7103890</td>\n",
       "    </tr>\n",
       "    <tr>\n",
       "      <th>3</th>\n",
       "      <td>0.132333</td>\n",
       "      <td>0.461199</td>\n",
       "      <td>0.406468</td>\n",
       "      <td>7143442</td>\n",
       "    </tr>\n",
       "    <tr>\n",
       "      <th>4</th>\n",
       "      <td>0.027606</td>\n",
       "      <td>0.234079</td>\n",
       "      <td>0.738316</td>\n",
       "      <td>6860601</td>\n",
       "    </tr>\n",
       "    <tr>\n",
       "      <th>5</th>\n",
       "      <td>0.000647</td>\n",
       "      <td>0.014564</td>\n",
       "      <td>0.984789</td>\n",
       "      <td>6840081</td>\n",
       "    </tr>\n",
       "    <tr>\n",
       "      <th>6</th>\n",
       "      <td>0.015279</td>\n",
       "      <td>0.230545</td>\n",
       "      <td>0.754176</td>\n",
       "      <td>6922337</td>\n",
       "    </tr>\n",
       "    <tr>\n",
       "      <th>7</th>\n",
       "      <td>0.037297</td>\n",
       "      <td>0.347328</td>\n",
       "      <td>0.615375</td>\n",
       "      <td>6913616</td>\n",
       "    </tr>\n",
       "    <tr>\n",
       "      <th>8</th>\n",
       "      <td>0.028389</td>\n",
       "      <td>0.403101</td>\n",
       "      <td>0.568510</td>\n",
       "      <td>6937820</td>\n",
       "    </tr>\n",
       "    <tr>\n",
       "      <th>9</th>\n",
       "      <td>0.065084</td>\n",
       "      <td>0.399425</td>\n",
       "      <td>0.535491</td>\n",
       "      <td>6893933</td>\n",
       "    </tr>\n",
       "    <tr>\n",
       "      <th>10</th>\n",
       "      <td>0.002292</td>\n",
       "      <td>0.006167</td>\n",
       "      <td>0.991541</td>\n",
       "      <td>6832604</td>\n",
       "    </tr>\n",
       "    <tr>\n",
       "      <th>11</th>\n",
       "      <td>0.012377</td>\n",
       "      <td>0.098077</td>\n",
       "      <td>0.889546</td>\n",
       "      <td>6915282</td>\n",
       "    </tr>\n",
       "    <tr>\n",
       "      <th>12</th>\n",
       "      <td>0.051626</td>\n",
       "      <td>0.445818</td>\n",
       "      <td>0.502556</td>\n",
       "      <td>7127565</td>\n",
       "    </tr>\n",
       "    <tr>\n",
       "      <th>13</th>\n",
       "      <td>0.002814</td>\n",
       "      <td>0.021841</td>\n",
       "      <td>0.975345</td>\n",
       "      <td>6827899</td>\n",
       "    </tr>\n",
       "    <tr>\n",
       "      <th>14</th>\n",
       "      <td>0.000529</td>\n",
       "      <td>0.012152</td>\n",
       "      <td>0.987319</td>\n",
       "      <td>6934855</td>\n",
       "    </tr>\n",
       "    <tr>\n",
       "      <th>15</th>\n",
       "      <td>0.005120</td>\n",
       "      <td>0.105721</td>\n",
       "      <td>0.889159</td>\n",
       "      <td>6861826</td>\n",
       "    </tr>\n",
       "    <tr>\n",
       "      <th>16</th>\n",
       "      <td>0.056846</td>\n",
       "      <td>0.435809</td>\n",
       "      <td>0.507345</td>\n",
       "      <td>6871643</td>\n",
       "    </tr>\n",
       "    <tr>\n",
       "      <th>17</th>\n",
       "      <td>0.006415</td>\n",
       "      <td>0.028562</td>\n",
       "      <td>0.965023</td>\n",
       "      <td>6842542</td>\n",
       "    </tr>\n",
       "    <tr>\n",
       "      <th>18</th>\n",
       "      <td>0.012709</td>\n",
       "      <td>0.062229</td>\n",
       "      <td>0.925062</td>\n",
       "      <td>6934145</td>\n",
       "    </tr>\n",
       "    <tr>\n",
       "      <th>19</th>\n",
       "      <td>0.082357</td>\n",
       "      <td>0.440142</td>\n",
       "      <td>0.477501</td>\n",
       "      <td>6829365</td>\n",
       "    </tr>\n",
       "    <tr>\n",
       "      <th>20</th>\n",
       "      <td>0.030627</td>\n",
       "      <td>0.278555</td>\n",
       "      <td>0.690818</td>\n",
       "      <td>7167858</td>\n",
       "    </tr>\n",
       "    <tr>\n",
       "      <th>21</th>\n",
       "      <td>0.005024</td>\n",
       "      <td>0.051777</td>\n",
       "      <td>0.943199</td>\n",
       "      <td>6859483</td>\n",
       "    </tr>\n",
       "    <tr>\n",
       "      <th>22</th>\n",
       "      <td>0.006556</td>\n",
       "      <td>0.060043</td>\n",
       "      <td>0.933401</td>\n",
       "      <td>6861377</td>\n",
       "    </tr>\n",
       "    <tr>\n",
       "      <th>23</th>\n",
       "      <td>0.072863</td>\n",
       "      <td>0.270842</td>\n",
       "      <td>0.656295</td>\n",
       "      <td>6848960</td>\n",
       "    </tr>\n",
       "    <tr>\n",
       "      <th>24</th>\n",
       "      <td>0.000424</td>\n",
       "      <td>0.011497</td>\n",
       "      <td>0.988079</td>\n",
       "      <td>6918850</td>\n",
       "    </tr>\n",
       "    <tr>\n",
       "      <th>25</th>\n",
       "      <td>0.213985</td>\n",
       "      <td>0.630576</td>\n",
       "      <td>0.155439</td>\n",
       "      <td>6916867</td>\n",
       "    </tr>\n",
       "    <tr>\n",
       "      <th>26</th>\n",
       "      <td>0.022707</td>\n",
       "      <td>0.258691</td>\n",
       "      <td>0.718602</td>\n",
       "      <td>6895840</td>\n",
       "    </tr>\n",
       "    <tr>\n",
       "      <th>27</th>\n",
       "      <td>0.200960</td>\n",
       "      <td>0.255460</td>\n",
       "      <td>0.543580</td>\n",
       "      <td>6813539</td>\n",
       "    </tr>\n",
       "    <tr>\n",
       "      <th>28</th>\n",
       "      <td>0.139717</td>\n",
       "      <td>0.361079</td>\n",
       "      <td>0.499203</td>\n",
       "      <td>7116900</td>\n",
       "    </tr>\n",
       "    <tr>\n",
       "      <th>29</th>\n",
       "      <td>0.003937</td>\n",
       "      <td>0.007759</td>\n",
       "      <td>0.988304</td>\n",
       "      <td>6890328</td>\n",
       "    </tr>\n",
       "    <tr>\n",
       "      <th>...</th>\n",
       "      <td>...</td>\n",
       "      <td>...</td>\n",
       "      <td>...</td>\n",
       "      <td>...</td>\n",
       "    </tr>\n",
       "    <tr>\n",
       "      <th>74629</th>\n",
       "      <td>0.037444</td>\n",
       "      <td>0.464916</td>\n",
       "      <td>0.497639</td>\n",
       "      <td>6855560</td>\n",
       "    </tr>\n",
       "    <tr>\n",
       "      <th>74630</th>\n",
       "      <td>0.077584</td>\n",
       "      <td>0.416694</td>\n",
       "      <td>0.505722</td>\n",
       "      <td>6816731</td>\n",
       "    </tr>\n",
       "    <tr>\n",
       "      <th>74631</th>\n",
       "      <td>0.008319</td>\n",
       "      <td>0.067953</td>\n",
       "      <td>0.923728</td>\n",
       "      <td>6925764</td>\n",
       "    </tr>\n",
       "    <tr>\n",
       "      <th>74632</th>\n",
       "      <td>0.005356</td>\n",
       "      <td>0.058363</td>\n",
       "      <td>0.936282</td>\n",
       "      <td>7139280</td>\n",
       "    </tr>\n",
       "    <tr>\n",
       "      <th>74633</th>\n",
       "      <td>0.008968</td>\n",
       "      <td>0.380423</td>\n",
       "      <td>0.610609</td>\n",
       "      <td>6913068</td>\n",
       "    </tr>\n",
       "    <tr>\n",
       "      <th>74634</th>\n",
       "      <td>0.001533</td>\n",
       "      <td>0.027696</td>\n",
       "      <td>0.970771</td>\n",
       "      <td>6828445</td>\n",
       "    </tr>\n",
       "    <tr>\n",
       "      <th>74635</th>\n",
       "      <td>0.112063</td>\n",
       "      <td>0.338976</td>\n",
       "      <td>0.548961</td>\n",
       "      <td>6867865</td>\n",
       "    </tr>\n",
       "    <tr>\n",
       "      <th>74636</th>\n",
       "      <td>0.001396</td>\n",
       "      <td>0.031100</td>\n",
       "      <td>0.967505</td>\n",
       "      <td>6820397</td>\n",
       "    </tr>\n",
       "    <tr>\n",
       "      <th>74637</th>\n",
       "      <td>0.045686</td>\n",
       "      <td>0.194683</td>\n",
       "      <td>0.759631</td>\n",
       "      <td>6852197</td>\n",
       "    </tr>\n",
       "    <tr>\n",
       "      <th>74638</th>\n",
       "      <td>0.084570</td>\n",
       "      <td>0.305818</td>\n",
       "      <td>0.609612</td>\n",
       "      <td>7122934</td>\n",
       "    </tr>\n",
       "    <tr>\n",
       "      <th>74639</th>\n",
       "      <td>0.000337</td>\n",
       "      <td>0.006066</td>\n",
       "      <td>0.993597</td>\n",
       "      <td>6907838</td>\n",
       "    </tr>\n",
       "    <tr>\n",
       "      <th>74640</th>\n",
       "      <td>0.000661</td>\n",
       "      <td>0.008663</td>\n",
       "      <td>0.990676</td>\n",
       "      <td>6865896</td>\n",
       "    </tr>\n",
       "    <tr>\n",
       "      <th>74641</th>\n",
       "      <td>0.139418</td>\n",
       "      <td>0.494418</td>\n",
       "      <td>0.366164</td>\n",
       "      <td>6840250</td>\n",
       "    </tr>\n",
       "    <tr>\n",
       "      <th>74642</th>\n",
       "      <td>0.021728</td>\n",
       "      <td>0.151501</td>\n",
       "      <td>0.826770</td>\n",
       "      <td>6926011</td>\n",
       "    </tr>\n",
       "    <tr>\n",
       "      <th>74643</th>\n",
       "      <td>0.004081</td>\n",
       "      <td>0.096078</td>\n",
       "      <td>0.899841</td>\n",
       "      <td>6893100</td>\n",
       "    </tr>\n",
       "    <tr>\n",
       "      <th>74644</th>\n",
       "      <td>0.000839</td>\n",
       "      <td>0.009540</td>\n",
       "      <td>0.989622</td>\n",
       "      <td>6867538</td>\n",
       "    </tr>\n",
       "    <tr>\n",
       "      <th>74645</th>\n",
       "      <td>0.363347</td>\n",
       "      <td>0.443661</td>\n",
       "      <td>0.192992</td>\n",
       "      <td>6884360</td>\n",
       "    </tr>\n",
       "    <tr>\n",
       "      <th>74646</th>\n",
       "      <td>0.165907</td>\n",
       "      <td>0.590529</td>\n",
       "      <td>0.243563</td>\n",
       "      <td>6903964</td>\n",
       "    </tr>\n",
       "    <tr>\n",
       "      <th>74647</th>\n",
       "      <td>0.031873</td>\n",
       "      <td>0.177473</td>\n",
       "      <td>0.790654</td>\n",
       "      <td>6907851</td>\n",
       "    </tr>\n",
       "    <tr>\n",
       "      <th>74648</th>\n",
       "      <td>0.092287</td>\n",
       "      <td>0.462995</td>\n",
       "      <td>0.444718</td>\n",
       "      <td>7211166</td>\n",
       "    </tr>\n",
       "    <tr>\n",
       "      <th>74649</th>\n",
       "      <td>0.368997</td>\n",
       "      <td>0.471756</td>\n",
       "      <td>0.159247</td>\n",
       "      <td>6844290</td>\n",
       "    </tr>\n",
       "    <tr>\n",
       "      <th>74650</th>\n",
       "      <td>0.249216</td>\n",
       "      <td>0.598752</td>\n",
       "      <td>0.152032</td>\n",
       "      <td>6947597</td>\n",
       "    </tr>\n",
       "    <tr>\n",
       "      <th>74651</th>\n",
       "      <td>0.000545</td>\n",
       "      <td>0.117368</td>\n",
       "      <td>0.882088</td>\n",
       "      <td>6895423</td>\n",
       "    </tr>\n",
       "    <tr>\n",
       "      <th>74652</th>\n",
       "      <td>0.010600</td>\n",
       "      <td>0.068530</td>\n",
       "      <td>0.920870</td>\n",
       "      <td>6812077</td>\n",
       "    </tr>\n",
       "    <tr>\n",
       "      <th>74653</th>\n",
       "      <td>0.000168</td>\n",
       "      <td>0.001807</td>\n",
       "      <td>0.998025</td>\n",
       "      <td>6903956</td>\n",
       "    </tr>\n",
       "    <tr>\n",
       "      <th>74654</th>\n",
       "      <td>0.011324</td>\n",
       "      <td>0.070578</td>\n",
       "      <td>0.918097</td>\n",
       "      <td>6881005</td>\n",
       "    </tr>\n",
       "    <tr>\n",
       "      <th>74655</th>\n",
       "      <td>0.000466</td>\n",
       "      <td>0.002665</td>\n",
       "      <td>0.996870</td>\n",
       "      <td>6835379</td>\n",
       "    </tr>\n",
       "    <tr>\n",
       "      <th>74656</th>\n",
       "      <td>0.094675</td>\n",
       "      <td>0.354433</td>\n",
       "      <td>0.550891</td>\n",
       "      <td>6882352</td>\n",
       "    </tr>\n",
       "    <tr>\n",
       "      <th>74657</th>\n",
       "      <td>0.287152</td>\n",
       "      <td>0.543958</td>\n",
       "      <td>0.168889</td>\n",
       "      <td>6884758</td>\n",
       "    </tr>\n",
       "    <tr>\n",
       "      <th>74658</th>\n",
       "      <td>0.017203</td>\n",
       "      <td>0.200655</td>\n",
       "      <td>0.782142</td>\n",
       "      <td>6924212</td>\n",
       "    </tr>\n",
       "  </tbody>\n",
       "</table>\n",
       "<p>74659 rows × 4 columns</p>\n",
       "</div>"
      ],
      "text/plain": [
       "           high    medium       low  listing_id\n",
       "0      0.084941  0.537570  0.377489     7142618\n",
       "1      0.128100  0.120806  0.751094     7210040\n",
       "2      0.022805  0.162023  0.815172     7103890\n",
       "3      0.132333  0.461199  0.406468     7143442\n",
       "4      0.027606  0.234079  0.738316     6860601\n",
       "5      0.000647  0.014564  0.984789     6840081\n",
       "6      0.015279  0.230545  0.754176     6922337\n",
       "7      0.037297  0.347328  0.615375     6913616\n",
       "8      0.028389  0.403101  0.568510     6937820\n",
       "9      0.065084  0.399425  0.535491     6893933\n",
       "10     0.002292  0.006167  0.991541     6832604\n",
       "11     0.012377  0.098077  0.889546     6915282\n",
       "12     0.051626  0.445818  0.502556     7127565\n",
       "13     0.002814  0.021841  0.975345     6827899\n",
       "14     0.000529  0.012152  0.987319     6934855\n",
       "15     0.005120  0.105721  0.889159     6861826\n",
       "16     0.056846  0.435809  0.507345     6871643\n",
       "17     0.006415  0.028562  0.965023     6842542\n",
       "18     0.012709  0.062229  0.925062     6934145\n",
       "19     0.082357  0.440142  0.477501     6829365\n",
       "20     0.030627  0.278555  0.690818     7167858\n",
       "21     0.005024  0.051777  0.943199     6859483\n",
       "22     0.006556  0.060043  0.933401     6861377\n",
       "23     0.072863  0.270842  0.656295     6848960\n",
       "24     0.000424  0.011497  0.988079     6918850\n",
       "25     0.213985  0.630576  0.155439     6916867\n",
       "26     0.022707  0.258691  0.718602     6895840\n",
       "27     0.200960  0.255460  0.543580     6813539\n",
       "28     0.139717  0.361079  0.499203     7116900\n",
       "29     0.003937  0.007759  0.988304     6890328\n",
       "...         ...       ...       ...         ...\n",
       "74629  0.037444  0.464916  0.497639     6855560\n",
       "74630  0.077584  0.416694  0.505722     6816731\n",
       "74631  0.008319  0.067953  0.923728     6925764\n",
       "74632  0.005356  0.058363  0.936282     7139280\n",
       "74633  0.008968  0.380423  0.610609     6913068\n",
       "74634  0.001533  0.027696  0.970771     6828445\n",
       "74635  0.112063  0.338976  0.548961     6867865\n",
       "74636  0.001396  0.031100  0.967505     6820397\n",
       "74637  0.045686  0.194683  0.759631     6852197\n",
       "74638  0.084570  0.305818  0.609612     7122934\n",
       "74639  0.000337  0.006066  0.993597     6907838\n",
       "74640  0.000661  0.008663  0.990676     6865896\n",
       "74641  0.139418  0.494418  0.366164     6840250\n",
       "74642  0.021728  0.151501  0.826770     6926011\n",
       "74643  0.004081  0.096078  0.899841     6893100\n",
       "74644  0.000839  0.009540  0.989622     6867538\n",
       "74645  0.363347  0.443661  0.192992     6884360\n",
       "74646  0.165907  0.590529  0.243563     6903964\n",
       "74647  0.031873  0.177473  0.790654     6907851\n",
       "74648  0.092287  0.462995  0.444718     7211166\n",
       "74649  0.368997  0.471756  0.159247     6844290\n",
       "74650  0.249216  0.598752  0.152032     6947597\n",
       "74651  0.000545  0.117368  0.882088     6895423\n",
       "74652  0.010600  0.068530  0.920870     6812077\n",
       "74653  0.000168  0.001807  0.998025     6903956\n",
       "74654  0.011324  0.070578  0.918097     6881005\n",
       "74655  0.000466  0.002665  0.996870     6835379\n",
       "74656  0.094675  0.354433  0.550891     6882352\n",
       "74657  0.287152  0.543958  0.168889     6884758\n",
       "74658  0.017203  0.200655  0.782142     6924212\n",
       "\n",
       "[74659 rows x 4 columns]"
      ]
     },
     "execution_count": 40,
     "metadata": {},
     "output_type": "execute_result"
    }
   ],
   "source": [
    "df1 = pd.read_csv('Output/Ensemble3/results_ensemble2.csv')\n",
    "df1"
   ]
  },
  {
   "cell_type": "code",
   "execution_count": 41,
   "metadata": {
    "collapsed": false,
    "scrolled": true
   },
   "outputs": [
    {
     "data": {
      "text/html": [
       "<div>\n",
       "<table border=\"1\" class=\"dataframe\">\n",
       "  <thead>\n",
       "    <tr style=\"text-align: right;\">\n",
       "      <th></th>\n",
       "      <th>listing_id</th>\n",
       "      <th>high</th>\n",
       "      <th>medium</th>\n",
       "      <th>low</th>\n",
       "    </tr>\n",
       "  </thead>\n",
       "  <tbody>\n",
       "    <tr>\n",
       "      <th>0</th>\n",
       "      <td>7142618</td>\n",
       "      <td>0.067759</td>\n",
       "      <td>0.437149</td>\n",
       "      <td>0.495092</td>\n",
       "    </tr>\n",
       "    <tr>\n",
       "      <th>1</th>\n",
       "      <td>7210040</td>\n",
       "      <td>0.009748</td>\n",
       "      <td>0.024942</td>\n",
       "      <td>0.965310</td>\n",
       "    </tr>\n",
       "    <tr>\n",
       "      <th>2</th>\n",
       "      <td>7174566</td>\n",
       "      <td>0.004394</td>\n",
       "      <td>0.050468</td>\n",
       "      <td>0.945138</td>\n",
       "    </tr>\n",
       "    <tr>\n",
       "      <th>3</th>\n",
       "      <td>7191391</td>\n",
       "      <td>0.244047</td>\n",
       "      <td>0.478366</td>\n",
       "      <td>0.277586</td>\n",
       "    </tr>\n",
       "    <tr>\n",
       "      <th>4</th>\n",
       "      <td>7171695</td>\n",
       "      <td>0.006787</td>\n",
       "      <td>0.143951</td>\n",
       "      <td>0.849261</td>\n",
       "    </tr>\n",
       "    <tr>\n",
       "      <th>5</th>\n",
       "      <td>7225206</td>\n",
       "      <td>0.001578</td>\n",
       "      <td>0.115390</td>\n",
       "      <td>0.883032</td>\n",
       "    </tr>\n",
       "    <tr>\n",
       "      <th>6</th>\n",
       "      <td>7200075</td>\n",
       "      <td>0.000122</td>\n",
       "      <td>0.001412</td>\n",
       "      <td>0.998465</td>\n",
       "    </tr>\n",
       "    <tr>\n",
       "      <th>7</th>\n",
       "      <td>7145074</td>\n",
       "      <td>0.265863</td>\n",
       "      <td>0.559101</td>\n",
       "      <td>0.175036</td>\n",
       "    </tr>\n",
       "    <tr>\n",
       "      <th>8</th>\n",
       "      <td>7193645</td>\n",
       "      <td>0.002583</td>\n",
       "      <td>0.049726</td>\n",
       "      <td>0.947691</td>\n",
       "    </tr>\n",
       "    <tr>\n",
       "      <th>9</th>\n",
       "      <td>7147703</td>\n",
       "      <td>0.000216</td>\n",
       "      <td>0.007601</td>\n",
       "      <td>0.992183</td>\n",
       "    </tr>\n",
       "    <tr>\n",
       "      <th>10</th>\n",
       "      <td>7182218</td>\n",
       "      <td>0.011644</td>\n",
       "      <td>0.072885</td>\n",
       "      <td>0.915471</td>\n",
       "    </tr>\n",
       "    <tr>\n",
       "      <th>11</th>\n",
       "      <td>7132136</td>\n",
       "      <td>0.012515</td>\n",
       "      <td>0.223466</td>\n",
       "      <td>0.764019</td>\n",
       "    </tr>\n",
       "    <tr>\n",
       "      <th>12</th>\n",
       "      <td>7130670</td>\n",
       "      <td>0.050491</td>\n",
       "      <td>0.358859</td>\n",
       "      <td>0.590650</td>\n",
       "    </tr>\n",
       "    <tr>\n",
       "      <th>13</th>\n",
       "      <td>7151855</td>\n",
       "      <td>0.000046</td>\n",
       "      <td>0.004540</td>\n",
       "      <td>0.995414</td>\n",
       "    </tr>\n",
       "    <tr>\n",
       "      <th>14</th>\n",
       "      <td>7158358</td>\n",
       "      <td>0.003018</td>\n",
       "      <td>0.073088</td>\n",
       "      <td>0.923895</td>\n",
       "    </tr>\n",
       "    <tr>\n",
       "      <th>15</th>\n",
       "      <td>7221001</td>\n",
       "      <td>0.013636</td>\n",
       "      <td>0.197503</td>\n",
       "      <td>0.788861</td>\n",
       "    </tr>\n",
       "    <tr>\n",
       "      <th>16</th>\n",
       "      <td>7100305</td>\n",
       "      <td>0.351105</td>\n",
       "      <td>0.431186</td>\n",
       "      <td>0.217709</td>\n",
       "    </tr>\n",
       "    <tr>\n",
       "      <th>17</th>\n",
       "      <td>7096581</td>\n",
       "      <td>0.109882</td>\n",
       "      <td>0.573071</td>\n",
       "      <td>0.317047</td>\n",
       "    </tr>\n",
       "    <tr>\n",
       "      <th>18</th>\n",
       "      <td>7177904</td>\n",
       "      <td>0.055080</td>\n",
       "      <td>0.448134</td>\n",
       "      <td>0.496787</td>\n",
       "    </tr>\n",
       "    <tr>\n",
       "      <th>19</th>\n",
       "      <td>7122823</td>\n",
       "      <td>0.022428</td>\n",
       "      <td>0.026699</td>\n",
       "      <td>0.950873</td>\n",
       "    </tr>\n",
       "    <tr>\n",
       "      <th>20</th>\n",
       "      <td>7183502</td>\n",
       "      <td>0.000614</td>\n",
       "      <td>0.032305</td>\n",
       "      <td>0.967081</td>\n",
       "    </tr>\n",
       "    <tr>\n",
       "      <th>21</th>\n",
       "      <td>7170627</td>\n",
       "      <td>0.079507</td>\n",
       "      <td>0.570721</td>\n",
       "      <td>0.349772</td>\n",
       "    </tr>\n",
       "    <tr>\n",
       "      <th>22</th>\n",
       "      <td>7154826</td>\n",
       "      <td>0.215217</td>\n",
       "      <td>0.307778</td>\n",
       "      <td>0.477005</td>\n",
       "    </tr>\n",
       "    <tr>\n",
       "      <th>23</th>\n",
       "      <td>7155276</td>\n",
       "      <td>0.003653</td>\n",
       "      <td>0.119140</td>\n",
       "      <td>0.877207</td>\n",
       "    </tr>\n",
       "    <tr>\n",
       "      <th>24</th>\n",
       "      <td>7126641</td>\n",
       "      <td>0.038730</td>\n",
       "      <td>0.211511</td>\n",
       "      <td>0.749759</td>\n",
       "    </tr>\n",
       "    <tr>\n",
       "      <th>25</th>\n",
       "      <td>7096119</td>\n",
       "      <td>0.090349</td>\n",
       "      <td>0.461370</td>\n",
       "      <td>0.448281</td>\n",
       "    </tr>\n",
       "    <tr>\n",
       "      <th>26</th>\n",
       "      <td>7197172</td>\n",
       "      <td>0.005136</td>\n",
       "      <td>0.040429</td>\n",
       "      <td>0.954435</td>\n",
       "    </tr>\n",
       "    <tr>\n",
       "      <th>27</th>\n",
       "      <td>7189973</td>\n",
       "      <td>0.007900</td>\n",
       "      <td>0.111478</td>\n",
       "      <td>0.880622</td>\n",
       "    </tr>\n",
       "    <tr>\n",
       "      <th>28</th>\n",
       "      <td>7123008</td>\n",
       "      <td>0.085669</td>\n",
       "      <td>0.342124</td>\n",
       "      <td>0.572207</td>\n",
       "    </tr>\n",
       "    <tr>\n",
       "      <th>29</th>\n",
       "      <td>7146900</td>\n",
       "      <td>0.053580</td>\n",
       "      <td>0.313663</td>\n",
       "      <td>0.632757</td>\n",
       "    </tr>\n",
       "    <tr>\n",
       "      <th>...</th>\n",
       "      <td>...</td>\n",
       "      <td>...</td>\n",
       "      <td>...</td>\n",
       "      <td>...</td>\n",
       "    </tr>\n",
       "    <tr>\n",
       "      <th>74629</th>\n",
       "      <td>6883105</td>\n",
       "      <td>0.240413</td>\n",
       "      <td>0.385628</td>\n",
       "      <td>0.373959</td>\n",
       "    </tr>\n",
       "    <tr>\n",
       "      <th>74630</th>\n",
       "      <td>6855306</td>\n",
       "      <td>0.038113</td>\n",
       "      <td>0.307610</td>\n",
       "      <td>0.654277</td>\n",
       "    </tr>\n",
       "    <tr>\n",
       "      <th>74631</th>\n",
       "      <td>6838009</td>\n",
       "      <td>0.301497</td>\n",
       "      <td>0.464167</td>\n",
       "      <td>0.234336</td>\n",
       "    </tr>\n",
       "    <tr>\n",
       "      <th>74632</th>\n",
       "      <td>6872813</td>\n",
       "      <td>0.101545</td>\n",
       "      <td>0.548890</td>\n",
       "      <td>0.349565</td>\n",
       "    </tr>\n",
       "    <tr>\n",
       "      <th>74633</th>\n",
       "      <td>6945631</td>\n",
       "      <td>0.163098</td>\n",
       "      <td>0.530810</td>\n",
       "      <td>0.306092</td>\n",
       "    </tr>\n",
       "    <tr>\n",
       "      <th>74634</th>\n",
       "      <td>6857039</td>\n",
       "      <td>0.000034</td>\n",
       "      <td>0.000868</td>\n",
       "      <td>0.999097</td>\n",
       "    </tr>\n",
       "    <tr>\n",
       "      <th>74635</th>\n",
       "      <td>6912115</td>\n",
       "      <td>0.054621</td>\n",
       "      <td>0.244606</td>\n",
       "      <td>0.700773</td>\n",
       "    </tr>\n",
       "    <tr>\n",
       "      <th>74636</th>\n",
       "      <td>6860317</td>\n",
       "      <td>0.000026</td>\n",
       "      <td>0.000284</td>\n",
       "      <td>0.999690</td>\n",
       "    </tr>\n",
       "    <tr>\n",
       "      <th>74637</th>\n",
       "      <td>6933426</td>\n",
       "      <td>0.000064</td>\n",
       "      <td>0.001196</td>\n",
       "      <td>0.998740</td>\n",
       "    </tr>\n",
       "    <tr>\n",
       "      <th>74638</th>\n",
       "      <td>6854300</td>\n",
       "      <td>0.000036</td>\n",
       "      <td>0.000993</td>\n",
       "      <td>0.998971</td>\n",
       "    </tr>\n",
       "    <tr>\n",
       "      <th>74639</th>\n",
       "      <td>6861347</td>\n",
       "      <td>0.165839</td>\n",
       "      <td>0.423623</td>\n",
       "      <td>0.410538</td>\n",
       "    </tr>\n",
       "    <tr>\n",
       "      <th>74640</th>\n",
       "      <td>6851904</td>\n",
       "      <td>0.731664</td>\n",
       "      <td>0.179045</td>\n",
       "      <td>0.089291</td>\n",
       "    </tr>\n",
       "    <tr>\n",
       "      <th>74641</th>\n",
       "      <td>7339909</td>\n",
       "      <td>0.000336</td>\n",
       "      <td>0.001528</td>\n",
       "      <td>0.998136</td>\n",
       "    </tr>\n",
       "    <tr>\n",
       "      <th>74642</th>\n",
       "      <td>6850648</td>\n",
       "      <td>0.422484</td>\n",
       "      <td>0.319716</td>\n",
       "      <td>0.257800</td>\n",
       "    </tr>\n",
       "    <tr>\n",
       "      <th>74643</th>\n",
       "      <td>6919964</td>\n",
       "      <td>0.000987</td>\n",
       "      <td>0.032297</td>\n",
       "      <td>0.966716</td>\n",
       "    </tr>\n",
       "    <tr>\n",
       "      <th>74644</th>\n",
       "      <td>6830830</td>\n",
       "      <td>0.159475</td>\n",
       "      <td>0.482039</td>\n",
       "      <td>0.358487</td>\n",
       "    </tr>\n",
       "    <tr>\n",
       "      <th>74645</th>\n",
       "      <td>6857035</td>\n",
       "      <td>0.000200</td>\n",
       "      <td>0.002227</td>\n",
       "      <td>0.997573</td>\n",
       "    </tr>\n",
       "    <tr>\n",
       "      <th>74646</th>\n",
       "      <td>6845466</td>\n",
       "      <td>0.114874</td>\n",
       "      <td>0.485679</td>\n",
       "      <td>0.399447</td>\n",
       "    </tr>\n",
       "    <tr>\n",
       "      <th>74647</th>\n",
       "      <td>6875334</td>\n",
       "      <td>0.022823</td>\n",
       "      <td>0.164716</td>\n",
       "      <td>0.812462</td>\n",
       "    </tr>\n",
       "    <tr>\n",
       "      <th>74648</th>\n",
       "      <td>6945518</td>\n",
       "      <td>0.004199</td>\n",
       "      <td>0.142096</td>\n",
       "      <td>0.853705</td>\n",
       "    </tr>\n",
       "    <tr>\n",
       "      <th>74649</th>\n",
       "      <td>6823696</td>\n",
       "      <td>0.013245</td>\n",
       "      <td>0.349072</td>\n",
       "      <td>0.637684</td>\n",
       "    </tr>\n",
       "    <tr>\n",
       "      <th>74650</th>\n",
       "      <td>6894943</td>\n",
       "      <td>0.093014</td>\n",
       "      <td>0.526996</td>\n",
       "      <td>0.379990</td>\n",
       "    </tr>\n",
       "    <tr>\n",
       "      <th>74651</th>\n",
       "      <td>6904613</td>\n",
       "      <td>0.000404</td>\n",
       "      <td>0.027947</td>\n",
       "      <td>0.971649</td>\n",
       "    </tr>\n",
       "    <tr>\n",
       "      <th>74652</th>\n",
       "      <td>6814215</td>\n",
       "      <td>0.000427</td>\n",
       "      <td>0.007485</td>\n",
       "      <td>0.992088</td>\n",
       "    </tr>\n",
       "    <tr>\n",
       "      <th>74653</th>\n",
       "      <td>6831010</td>\n",
       "      <td>0.457545</td>\n",
       "      <td>0.394774</td>\n",
       "      <td>0.147681</td>\n",
       "    </tr>\n",
       "    <tr>\n",
       "      <th>74654</th>\n",
       "      <td>6928108</td>\n",
       "      <td>0.455043</td>\n",
       "      <td>0.412944</td>\n",
       "      <td>0.132013</td>\n",
       "    </tr>\n",
       "    <tr>\n",
       "      <th>74655</th>\n",
       "      <td>6906674</td>\n",
       "      <td>0.004620</td>\n",
       "      <td>0.176519</td>\n",
       "      <td>0.818861</td>\n",
       "    </tr>\n",
       "    <tr>\n",
       "      <th>74656</th>\n",
       "      <td>6897967</td>\n",
       "      <td>0.000958</td>\n",
       "      <td>0.021333</td>\n",
       "      <td>0.977709</td>\n",
       "    </tr>\n",
       "    <tr>\n",
       "      <th>74657</th>\n",
       "      <td>6842183</td>\n",
       "      <td>0.000251</td>\n",
       "      <td>0.022128</td>\n",
       "      <td>0.977622</td>\n",
       "    </tr>\n",
       "    <tr>\n",
       "      <th>74658</th>\n",
       "      <td>6889319</td>\n",
       "      <td>0.034571</td>\n",
       "      <td>0.375929</td>\n",
       "      <td>0.589500</td>\n",
       "    </tr>\n",
       "  </tbody>\n",
       "</table>\n",
       "<p>74659 rows × 4 columns</p>\n",
       "</div>"
      ],
      "text/plain": [
       "       listing_id      high    medium       low\n",
       "0         7142618  0.067759  0.437149  0.495092\n",
       "1         7210040  0.009748  0.024942  0.965310\n",
       "2         7174566  0.004394  0.050468  0.945138\n",
       "3         7191391  0.244047  0.478366  0.277586\n",
       "4         7171695  0.006787  0.143951  0.849261\n",
       "5         7225206  0.001578  0.115390  0.883032\n",
       "6         7200075  0.000122  0.001412  0.998465\n",
       "7         7145074  0.265863  0.559101  0.175036\n",
       "8         7193645  0.002583  0.049726  0.947691\n",
       "9         7147703  0.000216  0.007601  0.992183\n",
       "10        7182218  0.011644  0.072885  0.915471\n",
       "11        7132136  0.012515  0.223466  0.764019\n",
       "12        7130670  0.050491  0.358859  0.590650\n",
       "13        7151855  0.000046  0.004540  0.995414\n",
       "14        7158358  0.003018  0.073088  0.923895\n",
       "15        7221001  0.013636  0.197503  0.788861\n",
       "16        7100305  0.351105  0.431186  0.217709\n",
       "17        7096581  0.109882  0.573071  0.317047\n",
       "18        7177904  0.055080  0.448134  0.496787\n",
       "19        7122823  0.022428  0.026699  0.950873\n",
       "20        7183502  0.000614  0.032305  0.967081\n",
       "21        7170627  0.079507  0.570721  0.349772\n",
       "22        7154826  0.215217  0.307778  0.477005\n",
       "23        7155276  0.003653  0.119140  0.877207\n",
       "24        7126641  0.038730  0.211511  0.749759\n",
       "25        7096119  0.090349  0.461370  0.448281\n",
       "26        7197172  0.005136  0.040429  0.954435\n",
       "27        7189973  0.007900  0.111478  0.880622\n",
       "28        7123008  0.085669  0.342124  0.572207\n",
       "29        7146900  0.053580  0.313663  0.632757\n",
       "...           ...       ...       ...       ...\n",
       "74629     6883105  0.240413  0.385628  0.373959\n",
       "74630     6855306  0.038113  0.307610  0.654277\n",
       "74631     6838009  0.301497  0.464167  0.234336\n",
       "74632     6872813  0.101545  0.548890  0.349565\n",
       "74633     6945631  0.163098  0.530810  0.306092\n",
       "74634     6857039  0.000034  0.000868  0.999097\n",
       "74635     6912115  0.054621  0.244606  0.700773\n",
       "74636     6860317  0.000026  0.000284  0.999690\n",
       "74637     6933426  0.000064  0.001196  0.998740\n",
       "74638     6854300  0.000036  0.000993  0.998971\n",
       "74639     6861347  0.165839  0.423623  0.410538\n",
       "74640     6851904  0.731664  0.179045  0.089291\n",
       "74641     7339909  0.000336  0.001528  0.998136\n",
       "74642     6850648  0.422484  0.319716  0.257800\n",
       "74643     6919964  0.000987  0.032297  0.966716\n",
       "74644     6830830  0.159475  0.482039  0.358487\n",
       "74645     6857035  0.000200  0.002227  0.997573\n",
       "74646     6845466  0.114874  0.485679  0.399447\n",
       "74647     6875334  0.022823  0.164716  0.812462\n",
       "74648     6945518  0.004199  0.142096  0.853705\n",
       "74649     6823696  0.013245  0.349072  0.637684\n",
       "74650     6894943  0.093014  0.526996  0.379990\n",
       "74651     6904613  0.000404  0.027947  0.971649\n",
       "74652     6814215  0.000427  0.007485  0.992088\n",
       "74653     6831010  0.457545  0.394774  0.147681\n",
       "74654     6928108  0.455043  0.412944  0.132013\n",
       "74655     6906674  0.004620  0.176519  0.818861\n",
       "74656     6897967  0.000958  0.021333  0.977709\n",
       "74657     6842183  0.000251  0.022128  0.977622\n",
       "74658     6889319  0.034571  0.375929  0.589500\n",
       "\n",
       "[74659 rows x 4 columns]"
      ]
     },
     "execution_count": 41,
     "metadata": {},
     "output_type": "execute_result"
    }
   ],
   "source": [
    "df2 = pd.read_csv('Output/Ensemble3/submission_053942.csv')\n",
    "df2"
   ]
  },
  {
   "cell_type": "code",
   "execution_count": 42,
   "metadata": {
    "collapsed": false,
    "scrolled": true
   },
   "outputs": [
    {
     "data": {
      "text/html": [
       "<div>\n",
       "<table border=\"1\" class=\"dataframe\">\n",
       "  <thead>\n",
       "    <tr style=\"text-align: right;\">\n",
       "      <th></th>\n",
       "      <th>high_x</th>\n",
       "      <th>medium_x</th>\n",
       "      <th>low_x</th>\n",
       "      <th>listing_id</th>\n",
       "      <th>high_y</th>\n",
       "      <th>medium_y</th>\n",
       "      <th>low_y</th>\n",
       "    </tr>\n",
       "  </thead>\n",
       "  <tbody>\n",
       "    <tr>\n",
       "      <th>0</th>\n",
       "      <td>0.084941</td>\n",
       "      <td>0.537570</td>\n",
       "      <td>0.377489</td>\n",
       "      <td>7142618</td>\n",
       "      <td>0.067759</td>\n",
       "      <td>0.437149</td>\n",
       "      <td>0.495092</td>\n",
       "    </tr>\n",
       "    <tr>\n",
       "      <th>1</th>\n",
       "      <td>0.128100</td>\n",
       "      <td>0.120806</td>\n",
       "      <td>0.751094</td>\n",
       "      <td>7210040</td>\n",
       "      <td>0.009748</td>\n",
       "      <td>0.024942</td>\n",
       "      <td>0.965310</td>\n",
       "    </tr>\n",
       "    <tr>\n",
       "      <th>2</th>\n",
       "      <td>0.022805</td>\n",
       "      <td>0.162023</td>\n",
       "      <td>0.815172</td>\n",
       "      <td>7103890</td>\n",
       "      <td>0.029156</td>\n",
       "      <td>0.168708</td>\n",
       "      <td>0.802136</td>\n",
       "    </tr>\n",
       "    <tr>\n",
       "      <th>3</th>\n",
       "      <td>0.132333</td>\n",
       "      <td>0.461199</td>\n",
       "      <td>0.406468</td>\n",
       "      <td>7143442</td>\n",
       "      <td>0.072740</td>\n",
       "      <td>0.420168</td>\n",
       "      <td>0.507092</td>\n",
       "    </tr>\n",
       "    <tr>\n",
       "      <th>4</th>\n",
       "      <td>0.027606</td>\n",
       "      <td>0.234079</td>\n",
       "      <td>0.738316</td>\n",
       "      <td>6860601</td>\n",
       "      <td>0.042919</td>\n",
       "      <td>0.262728</td>\n",
       "      <td>0.694352</td>\n",
       "    </tr>\n",
       "    <tr>\n",
       "      <th>5</th>\n",
       "      <td>0.000647</td>\n",
       "      <td>0.014564</td>\n",
       "      <td>0.984789</td>\n",
       "      <td>6840081</td>\n",
       "      <td>0.000152</td>\n",
       "      <td>0.018277</td>\n",
       "      <td>0.981571</td>\n",
       "    </tr>\n",
       "    <tr>\n",
       "      <th>6</th>\n",
       "      <td>0.015279</td>\n",
       "      <td>0.230545</td>\n",
       "      <td>0.754176</td>\n",
       "      <td>6922337</td>\n",
       "      <td>0.036401</td>\n",
       "      <td>0.254186</td>\n",
       "      <td>0.709413</td>\n",
       "    </tr>\n",
       "    <tr>\n",
       "      <th>7</th>\n",
       "      <td>0.037297</td>\n",
       "      <td>0.347328</td>\n",
       "      <td>0.615375</td>\n",
       "      <td>6913616</td>\n",
       "      <td>0.053564</td>\n",
       "      <td>0.512430</td>\n",
       "      <td>0.434006</td>\n",
       "    </tr>\n",
       "    <tr>\n",
       "      <th>8</th>\n",
       "      <td>0.028389</td>\n",
       "      <td>0.403101</td>\n",
       "      <td>0.568510</td>\n",
       "      <td>6937820</td>\n",
       "      <td>0.042895</td>\n",
       "      <td>0.403484</td>\n",
       "      <td>0.553622</td>\n",
       "    </tr>\n",
       "    <tr>\n",
       "      <th>9</th>\n",
       "      <td>0.065084</td>\n",
       "      <td>0.399425</td>\n",
       "      <td>0.535491</td>\n",
       "      <td>6893933</td>\n",
       "      <td>0.062974</td>\n",
       "      <td>0.454753</td>\n",
       "      <td>0.482273</td>\n",
