high,medium,low,listing_id
0.0678,0.456,0.4762,7142618
0.0796,0.1644,0.756,7210040
0.043,0.2112,0.7458,7103890
0.135,0.3924,0.4726,7143442
0.0376,0.2684,0.694,6860601
0.0056,0.0646,0.9298,6840081
0.0338,0.224,0.7422,6922337
0.0754,0.2508,0.6738,6913616
0.0572,0.256,0.6868,6937820
0.081,0.3882,0.5308,6893933
0.0224,0.0588,0.9188,6832604
0.0614,0.2876,0.651,6915282
0.0808,0.3934,0.5258,7127565
0.005,0.0298,0.9652,6827899
0.0024,0.0414,0.9562,6934855
0.0248,0.2,0.7752,6861826
0.0442,0.3268,0.629,6871643
0.0624,0.1792,0.7584,6842542
0.0758,0.0326,0.8916,6934145
0.0984,0.393,0.5086,6829365
0.031,0.1588,0.8102,7167858
0.0158,0.1178,0.8664,6859483
0.0232,0.1106,0.8662,6861377
0.0932,0.3136,0.5932,6848960
0.003,0.0288,0.9682,6918850
0.1352,0.4226,0.4422,6916867
0.0376,0.2468,0.7156,6895840
0.1584,0.2994,0.5422,6813539
0.1286,0.3394,0.532,7116900
0.0388,0.077,0.8842,6890328
0.1432,0.272,0.5848,6879406
0.0862,0.3034,0.6104,6824924
0.005,0.0204,0.9746,6911302
0.071,0.755,0.174,6918742
0.0258,0.1856,0.7886,6910586
0.0916,0.2812,0.6272,6821750
0.0672,0.6912,0.2416,6860647
0.0788,0.5248,0.3964,6932873
0.0114,0.0964,0.8922,6846053
0.0814,0.2984,0.6202,6940365
0.0452,0.1592,0.7956,6931867
0.0222,0.113,0.8648,6876383
0.082,0.3018,0.6162,6910980
0.0188,0.108,0.8732,6880877
0.0908,0.6702,0.239,6839552
0.221,0.3894,0.3896,6838051
0.321,0.2596,0.4194,6928201
0.041,0.59,0.369,6945608
0.0486,0.1794,0.772,6816147
0.0388,0.271,0.6902,6868129
0.026,0.3456,0.6284,6849448
0.5578,0.3146,0.1276,7113677
0.0366,0.1376,0.8258,6930856
0.1114,0.2364,0.6522,6889594
0.0392,0.142,0.8188,6842682
0.2212,0.4626,0.3162,6880366
0.0292,0.0494,0.9214,6835063
0.2332,0.3372,0.4296,6820479
0.0312,0.2558,0.713,6882057
0.0508,0.2462,0.703,6834440
0.0012,0.0076,0.9912,6880846
0.0006,0.0112,0.9882,6847248
0.0028,0.0422,0.955,6868368
0.007,0.0354,0.9576,6943505
0.0008,0.0064,0.9928,7174304
0.114,0.2928,0.5932,6880747
0.0792,0.3334,0.5874,6933565
0.0028,0.0144,0.9828,6888511
0.0346,0.4584,0.507,6942704
0.0616,0.1894,0.749,6840304
0.0646,0.2294,0.706,6856860
0.001,0.0082,0.9908,6884921
0.0404,0.141,0.8186,6937417
0.0084,0.0536,0.938,6831129
0.1308,0.4428,0.4264,6936660
0.012,0.0776,0.9104,6940667
0.015,0.0924,0.8926,7201307
0.0126,0.1034,0.884,6825434
0.0096,0.0326,0.9578,6848114
0.3576,0.4166,0.2258,6947758
0.1138,0.2644,0.6218,6897002
0.0062,0.0714,0.9224,6926661
0.0696,0.3576,0.5728,6867411
0.0428,0.225,0.7322,6910154
0.053,0.3524,0.5946,7157900
0.0548,0.265,0.6802,6922324
0.0652,0.1686,0.7662,6863068
0.0044,0.0378,0.9578,6912109
0.1244,0.3592,0.5164,6918609
0.206,0.3252,0.4688,6889300
0.0676,0.2482,0.6842,6837794
0.423,0.389,0.188,6943098
0.0696,0.3502,0.5802,6927601
0.0022,0.0086,0.9892,6897826
0.0072,0.0568,0.936,6882892
0.2474,0.3942,0.3584,6873384
0.0344,0.0922,0.8734,6934693
0.0472,0.3924,0.5604,7224450
0.0096,0.081,0.9094,6898157
0.0016,0.0284,0.97,6837355
0.1434,0.418,0.4386,6830595
0.1068,0.3902,0.503,6943561
0.291,0.4348,0.2742,6844380
0.0156,0.0956,0.8888,6814286
0.0906,0.5762,0.3332,6898520
0.5954,0.229,0.1756,6940979
0.0776,0.0964,0.826,6851090
0.0286,0.2206,0.7508,7107169
0.1628,0.0986,0.7386,6830287
0.068,0.4104,0.5216,6933575
0.088,0.4506,0.4614,6938972
0.002,0.011,0.987,6888315
0.0162,0.1468,0.837,6855106
0.1628,0.5316,0.3056,6838237
0.0394,0.1238,0.8368,6901024
0.0144,0.1212,0.8644,6846627
0.003,0.0168,0.9802,7219857
0.0206,0.2042,0.7752,6852685
0.0818,0.4224,0.4958,6831610
0.0194,0.1566,0.824,6943538
0.0078,0.043,0.9492,6911637
0.0142,0.0944,0.8914,6854543
0.1942,0.4066,0.3992,6940451
0.4002,0.25,0.3498,6819530
0.0408,0.3182,0.641,7093396
0.0126,0.116,0.8714,6840326
0.0178,0.1342,0.848,6834204
0.221,0.309,0.47,6902518
0.0824,0.2942,0.6234,6930253
0.007,0.058,0.935,6828293
0.2754,0.3358,0.3888,7203744
0.1294,0.424,0.4466,6816478
0.0422,0.1644,0.7934,6868890
0.044,0.3466,0.6094,6879338
0.0094,0.1012,0.8894,6898532
0.0048,0.0376,0.9576,6899965
0.0008,0.013,0.9862,7133875
0.0486,0.2346,0.7168,6822218
0.3076,0.204,0.4884,6814018
0.0954,0.2442,0.6604,6896376
0.2164,0.3332,0.4504,6918670
0.0066,0.0662,0.9272,6867839
0.0084,0.065,0.9266,6823554
0.0122,0.0626,0.9252,6934798
0.1334,0.4032,0.4634,6820823
0.0334,0.1198,0.8468,6880212
0.001,0.02,0.979,6934814
0.041,0.1164,0.8426,7254134
0.3706,0.5164,0.113,6938303
0.0638,0.4612,0.475,6813807
0.0492,0.1834,0.7674,6878604
0.0008,0.0196,0.9796,6876763
0.0092,0.0576,0.9332,6844352
0.2072,0.287,0.5058,6915939
0.0582,0.2598,0.682,7109370
0.0536,0.272,0.6744,6855445
0.0312,0.3326,0.6362,6818668
0.0004,0.0046,0.995,6836527
0.0102,0.11,0.8798,6831717
0.1136,0.3192,0.5672,6937162
0.0562,0.219,0.7248,6922876
0.0306,0.4288,0.5406,7109482
0.0316,0.1642,0.8042,6940972
0.1428,0.3678,0.4894,6883790
0.0176,0.2524,0.73,6921643
0.0068,0.104,0.8892,6935700
0.083,0.3136,0.6034,6827025
0.3308,0.0298,0.6394,6943096
0.003,0.0122,0.9848,7161468
0.0532,0.1734,0.7734,6879610
0.074,0.2992,0.6268,6935762
0.051,0.1222,0.8268,6925042
0.0778,0.2796,0.6426,7121050
0.0044,0.022,0.9736,6821601
0.0218,0.1006,0.8776,6926810
0.0212,0.176,0.8028,6946532
0.1846,0.3422,0.4732,6875171
0.157,0.329,0.514,7096285
0.0028,0.027,0.9702,6812321
0.1436,0.22,0.6364,6822697
0.0046,0.1442,0.8512,6941294
0.006,0.0342,0.9598,6873564
0.0168,0.5764,0.4068,6926791
0.6032,0.265,0.1318,7142444
0.0952,0.4972,0.4076,6878128
0.0218,0.144,0.8342,6927428
0.0076,0.035,0.9574,6812674
0.1346,0.388,0.4774,6881774
0.0056,0.0262,0.9682,7167797
0.1334,0.524,0.3426,6865238
0.0476,0.3082,0.6442,6841710
0.0228,0.1134,0.8638,6856334
0.0146,0.1854,0.8,6906462
0.0898,0.1922,0.718,6837438
0.1398,0.5812,0.279,6908277
0.0056,0.0312,0.9632,6841291
0.0866,0.3458,0.5676,6915178
0.1482,0.503,0.3488,6893031
0.475,0.438,0.087,6894985
0.0742,0.269,0.6568,6931134
0.5516,0.2346,0.2138,6872264
0.2098,0.4156,0.3746,6816953
0.3362,0.411,0.2528,7163518
0.0412,0.1708,0.788,6893253
0.03,0.1906,0.7794,6943822
0.0278,0.1782,0.794,6946313
0.013,0.0868,0.9002,6839443
0.0352,0.2454,0.7194,6911338
0.4874,0.2916,0.221,7223877
0.0384,0.2514,0.7102,6917884
0.0048,0.0276,0.9676,6823126
0.0392,0.0622,0.8986,6939488
0.0036,0.0104,0.986,7196924
0.0046,0.0196,0.9758,6905685
0.0008,0.0052,0.994,6894092
0.0082,0.0574,0.9344,6812181
0.0438,0.3178,0.6384,6854610
0.153,0.3234,0.5236,6873754
0.7972,0.1116,0.0912,6859181
0.0124,0.0884,0.8992,6825402
0.034,0.183,0.783,6819526
0.0024,0.0348,0.9628,6896065
0.0324,0.2702,0.6974,6931793
0.0254,0.1112,0.8634,6907360
0.0804,0.2602,0.6594,6813182
0.0262,0.1098,0.864,6823959
0.1336,0.3422,0.5242,6942189
0.0502,0.2142,0.7356,6844384
0.1394,0.2506,0.61,6836888
0.0224,0.1082,0.8694,6917844
0.0722,0.5054,0.4224,6937842
0.0648,0.3784,0.5568,6926917
0.0398,0.2418,0.7184,7160740
0.0462,0.3072,0.6466,6936310
0.1004,0.517,0.3826,6849109
0.0062,0.0354,0.9584,6831018
0.0076,0.055,0.9374,6909842
0.019,0.106,0.875,6861360
0.0196,0.2084,0.772,6883414
0.0202,0.1596,0.8202,6876026
0.0022,0.017,0.9808,7095390
0.2352,0.4256,0.3392,6932265
0.0404,0.2342,0.7254,6870949
0.1046,0.3488,0.5466,6831335
0.1868,0.3872,0.426,6895698
0.0922,0.3134,0.5944,6889889
0.0672,0.1974,0.7354,6876679
0.4218,0.2804,0.2978,6947097
0.0032,0.027,0.9698,6874970
0.2336,0.5578,0.2086,6831069
0.1552,0.325,0.5198,6833628
0.0716,0.3344,0.594,6819282
0.0148,0.094,0.8912,6825025
0.0634,0.3634,0.5732,6856513
0.0004,0.0028,0.9968,6928711
0.1174,0.463,0.4196,6832548
0.0142,0.1378,0.848,6881870
0.4104,0.3636,0.226,6866978
0.3334,0.414,0.2526,7163400
0.0272,0.1328,0.84,6917187
0.0706,0.296,0.6334,6927475
0.2542,0.2346,0.5112,6903243
0.019,0.1428,0.8382,6876188
0.0076,0.074,0.9184,6922219
0.007,0.0338,0.9592,7104085
0.1928,0.3852,0.422,6920897
0.0096,0.0488,0.9416,6812177
0.0284,0.3896,0.582,6941047
0.0046,0.0396,0.9558,6827609
0.0006,0.0244,0.975,6934328
0.0934,0.5876,0.319,6937556
0.0708,0.5268,0.4024,6879765
0.0166,0.1116,0.8718,6942927
0.1038,0.2908,0.6054,6945170
0.0408,0.1964,0.7628,6901915
0.0332,0.1112,0.8556,6824475
0.098,0.197,0.705,6832968
0.0014,0.0272,0.9714,7166718
0.0212,0.1438,0.835,6905079
0.1738,0.5932,0.233,6940297
0.0546,0.4084,0.537,6911080
0.0112,0.0928,0.896,6917208
0.0468,0.4096,0.5436,6858925
0.1898,0.558,0.2522,7169883
0.3346,0.4386,0.2268,6944112
0.046,0.2202,0.7338,6885816
0.0574,0.2214,0.7212,6837733
0.0848,0.2864,0.6288,6828658
0.1496,0.5814,0.269,6839429
0.0072,0.0656,0.9272,7164794
0.1866,0.2596,0.5538,6837661
0.0324,0.1972,0.7704,6883255
0.0358,0.1778,0.7864,6833054
0.036,0.2862,0.6778,7675463
0.0874,0.3162,0.5964,6871526
0.0684,0.298,0.6336,6876295
0.0016,0.0344,0.964,7204045
0.1428,0.3782,0.479,6840357
0.0034,0.0294,0.9672,6917531
0.3642,0.385,0.2508,6886057
0.0962,0.3428,0.561,6833734
0.044,0.2032,0.7528,6908098
0.0522,0.3468,0.601,6860562
0.3558,0.4442,0.2,6859167
0.003,0.0238,0.9732,6812141
0.0074,0.0858,0.9068,6919431
0.084,0.279,0.637,6869389
0.076,0.1688,0.7552,6906034
0.0008,0.009,0.9902,7108495
0.0086,0.1104,0.881,6864681
0.0066,0.0908,0.9026,6893982
0.0108,0.081,0.9082,6862160
0.0534,0.3522,0.5944,6854804
0.0098,0.4134,0.5768,7143164
0.0298,0.0882,0.882,6936651
0.0298,0.1796,0.7906,6837450
0.6004,0.1702,0.2294,6908259
0.0358,0.1716,0.7926,6916539
0.1404,0.2168,0.6428,6947176
0.3458,0.3978,0.2564,6933958
0.2122,0.4384,0.3494,6816549
0.003,0.0504,0.9466,6876117
0.0496,0.2508,0.6996,6848605
0.1336,0.2054,0.661,6840659
0.1956,0.373,0.4314,6823496
0.002,0.0164,0.9816,6912609
0.0122,0.0678,0.92,7097937
0.0104,0.4364,0.5532,6924524
0.0566,0.2398,0.7036,6938236
0.007,0.0274,0.9656,6865751
0.0116,0.1706,0.8178,6936323
0.1476,0.3428,0.5096,6868422
0.0596,0.3032,0.6372,7210133
0.0162,0.0902,0.8936,7215631
0.069,0.3098,0.6212,6940189
0.0032,0.0232,0.9736,6888941
0.1508,0.414,0.4352,6831598
0.0064,0.088,0.9056,6939963
0.1372,0.3992,0.4636,6897175
0.0292,0.1286,0.8422,6816167
0.0216,0.226,0.7524,6812965
0.3076,0.4152,0.2772,7149372
0.0124,0.0556,0.932,6875959
0.0772,0.5276,0.3952,6925644
0.104,0.3558,0.5402,6874269
0.035,0.1006,0.8644,6814721
0.0248,0.478,0.4972,6922432
0.0376,0.162,0.8004,6858861
0.0092,0.0318,0.959,6835339
0.4446,0.2508,0.3046,6896997
0.003,0.011,0.986,6921134
0.0996,0.6812,0.2192,6883685
0.004,0.0422,0.9538,6911406
0.2682,0.3058,0.426,6825733
0.227,0.3884,0.3846,6884462
0.0166,0.0908,0.8926,6858682
0.1438,0.3878,0.4684,6894013
0.3058,0.2342,0.46,6856391
0.0022,0.0946,0.9032,6828064
0.0018,0.0114,0.9868,6817336
0.0662,0.2844,0.6494,6819178
0.253,0.3098,0.4372,7147339
0.083,0.5026,0.4144,6887757
0.0552,0.2772,0.6676,6946859
0.0004,0.0042,0.9954,6855963
0.0512,0.1972,0.7516,6839828
0.1378,0.4254,0.4368,6870806
0.1954,0.3296,0.475,6880221
0.0434,0.2508,0.7058,6921809
0.0676,0.2776,0.6548,6897069
0.25,0.4418,0.3082,6897157
0.0468,0.2046,0.7486,6898912
0.0998,0.1972,0.703,6856271
0.0016,0.0218,0.9766,6888381
0.0044,0.049,0.9466,7099191
0.1088,0.509,0.3822,6917882
0.007,0.0442,0.9488,6931260
0.036,0.669,0.295,6849996
0.068,0.261,0.671,6887973
0.1182,0.6118,0.27,6850205
0.2032,0.3938,0.403,6845657
0.0114,0.0882,0.9004,6930302
0.0162,0.0586,0.9252,6852391
0.3052,0.1536,0.5412,6920411
0.008,0.074,0.918,6907999
0.0146,0.155,0.8304,6864094
0.043,0.2172,0.7398,6813852
0.2424,0.4054,0.3522,7232295
0.0958,0.3848,0.5194,6896558
0.0406,0.6204,0.339,6858919
0.0492,0.151,0.7998,6847828
0.0342,0.2346,0.7312,6925116
0.0132,0.0762,0.9106,6854687
0.0482,0.6898,0.262,6946415
0.001,0.0062,0.9928,6827859
0.29,0.5008,0.2092,6884313
0.0324,0.192,0.7756,6848651
0.0192,0.1846,0.7962,7136298
0.1162,0.335,0.5488,6874534
0.2392,0.4068,0.354,6908942
0.012,0.0838,0.9042,6894718
0.0858,0.2488,0.6654,6876449
0.0906,0.4408,0.4686,6825630
0.0132,0.1584,0.8284,7155655
0.0116,0.0896,0.8988,7201310
0.0148,0.1292,0.856,6864334
0.0178,0.1256,0.8566,6876658
0.2458,0.3714,0.3828,6842370
0.3276,0.3392,0.3332,6835467
0.0794,0.3076,0.613,7227368
0.0898,0.2234,0.6868,6859482
0.0124,0.039,0.9486,6878641
0.0002,0.0042,0.9956,6869916
0.0832,0.2626,0.6542,6841060
0.0606,0.309,0.6304,6887832
0.0074,0.0216,0.971,6905898
0.501,0.338,0.161,7104742
0.027,0.22,0.753,6948090
0.1202,0.368,0.5118,6839851
0.0136,0.0856,0.9008,6934051
0.1338,0.464,0.4022,6888727
0.0264,0.1054,0.8682,7167478
0.1392,0.6458,0.215,6892109
0.4508,0.3404,0.2088,6908544
0.063,0.3688,0.5682,6921725
0.0246,0.7912,0.1842,6932343
0.0022,0.0256,0.9722,6914309
0.0126,0.061,0.9264,6919805
0.0464,0.2286,0.725,6947828
0.028,0.1306,0.8414,6920362
0.5882,0.2564,0.1554,7110179
0.1704,0.404,0.4256,6877834
0.0398,0.149,0.8112,6876966
0.0248,0.082,0.8932,6823918
0.0032,0.0306,0.9662,6871243
0.2902,0.3428,0.367,6928189
0.0726,0.217,0.7104,6852455
0.0398,0.2606,0.6996,7208631
0.1438,0.5448,0.3114,6831811
0.0046,0.0204,0.975,6904276
0.0652,0.334,0.6008,6831589
0.1642,0.2022,0.6336,6901814
0.679,0.1488,0.1722,6854667
0.0048,0.073,0.9222,7192650
0.0006,0.0206,0.9788,6836299
0.0148,0.1498,0.8354,6887919
0.0702,0.324,0.6058,6927679
0.0476,0.2348,0.7176,6855908
0.0108,0.0816,0.9076,6854766
0.0486,0.0866,0.8648,6847472
0.0764,0.2004,0.7232,6862519
0.3348,0.37,0.2952,6938819
0.1086,0.2896,0.6018,6945434
0.6448,0.1478,0.2074,6832722
0.0314,0.1614,0.8072,6852707
0.1082,0.4738,0.418,7177680
0.0088,0.0284,0.9628,6834945
0.0142,0.0738,0.912,6890316
0.0708,0.2108,0.7184,6816620
0.0382,0.184,0.7778,6945175
0.0344,0.1268,0.8388,6914016
0.0058,0.1332,0.861,6852619
0.0866,0.514,0.3994,6813211
0.012,0.0982,0.8898,6820546
0.0088,0.013,0.9782,6836128
0.0316,0.459,0.5094,6850557
0.3814,0.3214,0.2972,6864997
0.0214,0.1058,0.8728,6883705
0.0252,0.1614,0.8134,6898767
0.0384,0.1922,0.7694,6866020
0.3166,0.4982,0.1852,7126382
0.1348,0.394,0.4712,6847427
0.0756,0.2906,0.6338,6841013
0.0012,0.015,0.9838,6909469
0.0278,0.1744,0.7978,6922473
0.1246,0.326,0.5494,6925906
0.1268,0.3684,0.5048,6946014
0.0516,0.3672,0.5812,6820739
0.6082,0.2358,0.156,6927559
0.0008,0.0182,0.981,7174772
0.0354,0.2374,0.7272,6931036
0.013,0.1342,0.8528,6918163
0.1856,0.3176,0.4968,6893604
0.2264,0.325,0.4486,6868844
0.3486,0.4306,0.2208,6814537
0.0132,0.053,0.9338,6916118
0.0404,0.229,0.7306,6838509
0.1784,0.4012,0.4204,6919725
0.0006,0.011,0.9884,6932476
0.0396,0.5796,0.3808,6860496
0.052,0.3906,0.5574,7156799
0.1136,0.2572,0.6292,6837521
0.0538,0.5808,0.3654,6913204
0.0484,0.2934,0.6582,6947516
0.0202,0.1576,0.8222,6838117
0.036,0.3432,0.6208,6933366
0.014,0.1312,0.8548,7134198
0.0748,0.3978,0.5274,6898450
0.0114,0.0658,0.9228,6819926
0.0732,0.2018,0.725,6947698
0.0064,0.025,0.9686,6838721
0.0498,0.573,0.3772,6936661
0.0558,0.2596,0.6846,6912257
0.0804,0.215,0.7046,6905569
0.377,0.3322,0.2908,6927167
0.0234,0.1126,0.864,7150689
0.0286,0.2328,0.7386,6820358
0.0902,0.3264,0.5834,6945045
0.137,0.2376,0.6254,6866884
0.0542,0.2462,0.6996,6820658
0.0794,0.6352,0.2854,6826462
0.0292,0.1598,0.811,6932390
0.3916,0.455,0.1534,6905031
0.074,0.3036,0.6224,6923011
0.136,0.3894,0.4746,6908504
0.4914,0.1296,0.379,6881050
0.0272,0.4336,0.5392,6892968
0.1518,0.2914,0.5568,7346996
0.0438,0.1974,0.7588,6876206
0.048,0.266,0.686,6813475
0.0082,0.0242,0.9676,7190057
0.0474,0.2222,0.7304,6838465
0.049,0.2054,0.7456,6899364
0.0008,0.0072,0.992,6891616
0.041,0.2234,0.7356,6836715
0.0266,0.2452,0.7282,6829616
0.0228,0.2202,0.757,6829144
0.0654,0.2172,0.7174,6893064
0.0136,0.112,0.8744,6861300
0.0598,0.3478,0.5924,6926847
0.0126,0.0608,0.9266,6894021
0.0012,0.012,0.9868,6897946
0.1336,0.105,0.7614,6835716
0.3434,0.3018,0.3548,6832160
0.13,0.2646,0.6054,6835291
0.0196,0.1372,0.8432,6945184
0.0962,0.2984,0.6054,7140488
0.0288,0.3004,0.6708,6937850
0.116,0.2014,0.6826,6899603
0.335,0.3656,0.2994,6903105
0.0166,0.1686,0.8148,6828476
0.0206,0.0796,0.8998,6835098
0.0884,0.1548,0.7568,6830512
0.1292,0.2916,0.5792,6879997
0.101,0.4208,0.4782,7131517
0.1724,0.3596,0.468,6835955
0.0186,0.1566,0.8248,6875250
0.1152,0.4268,0.458,6932794
0.0798,0.361,0.5592,6948263
0.188,0.5434,0.2686,6867201
0.0336,0.0498,0.9166,6882748
0.2186,0.4352,0.3462,6902842
0.025,0.2942,0.6808,6847535
0.0482,0.1848,0.767,6825267
0.022,0.043,0.935,6909277
0.2512,0.3824,0.3664,7152429
0.009,0.0738,0.9172,6931179
0.0846,0.3012,0.6142,6896746
0.0022,0.0608,0.937,6937073
0.0042,0.027,0.9688,6934627
0.1534,0.4012,0.4454,6887878
0.068,0.352,0.58,6921531
0.003,0.0166,0.9804,6897461
0.065,0.2614,0.6736,6862066
0.1016,0.3032,0.5952,6851531
0.0022,0.0146,0.9832,6928550
0.0084,0.1008,0.8908,6945851
0.0014,0.0084,0.9902,6946955
0.1482,0.6778,0.174,6869136
0.0716,0.3262,0.6022,6908667
0.0448,0.3176,0.6376,6820525
0.0946,0.4712,0.4342,6887970
0.025,0.1806,0.7944,6848365
0.0182,0.0886,0.8932,6816173
0.001,0.009,0.99,6900732
0.0532,0.311,0.6358,6815786
0.075,0.3484,0.5766,6945972
0.039,0.198,0.763,6848445
0.1266,0.3474,0.526,6856486
0.0808,0.3156,0.6036,6867010
0.0832,0.134,0.7828,6828257
0.024,0.2258,0.7502,6871807
0.0008,0.0124,0.9868,7212966
0.0194,0.107,0.8736,6889959
0.0096,0.0962,0.8942,6915510
0.0162,0.1072,0.8766,6905402
0.0848,0.602,0.3132,6826100
0.0114,0.1062,0.8824,6848893
0.1292,0.348,0.5228,7155647
0.126,0.7342,0.1398,6812883
0.0062,0.0758,0.918,6866095
0.0004,0.0032,0.9964,6931127
0.0166,0.0886,0.8948,6829407
0.4052,0.3192,0.2756,6867548
0.0824,0.506,0.4116,7132575
0.0212,0.1066,0.8722,6890847
0.0266,0.0454,0.928,6916429
0.4638,0.3672,0.169,6884716
0.5116,0.283,0.2054,6896897
0.0132,0.0942,0.8926,6941572
0.0606,0.316,0.6234,6945277
0.0068,0.0574,0.9358,7133293
0.002,0.011,0.987,7213385
0.0384,0.483,0.4786,6831928
0.0498,0.167,0.7832,6932687
0.0088,0.066,0.9252,6873877
0.1028,0.4136,0.4836,7135459
0.0064,0.049,0.9446,6876620
0.024,0.1948,0.7812,6936163
0.079,0.2264,0.6946,6912398
0.005,0.0284,0.9666,6917655
0.0608,0.1,0.8392,6941149
0.0446,0.1478,0.8076,6941378
0.0194,0.1466,0.834,6882453
0.1056,0.2372,0.6572,7119160
0.1136,0.374,0.5124,6868451
0.0246,0.2274,0.748,6945881
0.1236,0.2228,0.6536,6822541
0.0728,0.4118,0.5154,6884355
0.0344,0.195,0.7706,7132247
0.0612,0.3334,0.6054,6872049
0.0422,0.22,0.7378,6890740
0.1444,0.3092,0.5464,6840897
0.0444,0.1702,0.7854,6847694
0.021,0.1588,0.8202,6938196
0.003,0.044,0.953,6939526
0.001,0.0052,0.9938,6917529
0.0068,0.175,0.8182,6885636
0.002,0.0112,0.9868,7202614
0.1008,0.5436,0.3556,6926453
0.4384,0.3114,0.2502,6844636
0.2766,0.31,0.4134,6879293
0.1976,0.2838,0.5186,6924780
0.0058,0.016,0.9782,6881024
0.2374,0.3772,0.3854,6851374
0.0062,0.0658,0.928,6850953
0.0754,0.2596,0.665,6892292
0.0314,0.1556,0.813,6886159
0.0912,0.3118,0.597,6849877
0.0146,0.0804,0.905,6940840
0.026,0.3564,0.6176,6926838
0.337,0.462,0.201,6879243
0.0392,0.1122,0.8486,6944286
0.2154,0.3724,0.4122,6915587
0.1096,0.3002,0.5902,6881904
0.2334,0.332,0.4346,7154358
0.012,0.1874,0.8006,6899258
0.2766,0.514,0.2094,6855460
0.0218,0.1412,0.837,6864884
0.1092,0.3762,0.5146,6868209
0.0978,0.3358,0.5664,6853834
0.0414,0.2154,0.7432,7210020
0.0176,0.154,0.8284,6933228
0.1728,0.3318,0.4954,6929227
0.1326,0.2808,0.5866,7192346
0.0164,0.1482,0.8354,6928834
0.0032,0.018,0.9788,6812269
0.302,0.3116,0.3864,6851446
0.0152,0.1004,0.8844,6930820
0.0574,0.24,0.7026,6875310
0.0912,0.2994,0.6094,6932397
0.0046,0.0412,0.9542,6904291
0.041,0.5176,0.4414,6921642
0.2308,0.3924,0.3768,7136057
0.0498,0.191,0.7592,6920815
0.2434,0.45,0.3066,6861757
0.5108,0.3802,0.109,6934222
0.1104,0.311,0.5786,6946448
0.0722,0.2272,0.7006,6890569
0.0598,0.2684,0.6718,6884477
0.0156,0.0966,0.8878,7145006
0.019,0.1012,0.8798,6893718
0.0152,0.0642,0.9206,6893330
0.015,0.1182,0.8668,6901780
0.0608,0.3384,0.6008,6815738
0.0062,0.0266,0.9672,6917209
0.0014,0.0164,0.9822,6904227
0.0026,0.0294,0.968,6894402
0.0214,0.1476,0.831,7146083
0.0112,0.0582,0.9306,6902153
0.1084,0.3742,0.5174,6925988
0.0004,0.0052,0.9944,6881323
0.0866,0.0806,0.8328,6937405
0.0756,0.3862,0.5382,7098390
0.3516,0.3502,0.2982,6935942
0.072,0.3894,0.5386,6833510
0.051,0.1954,0.7536,6812857
0.081,0.2248,0.6942,6828441
0.1746,0.3484,0.477,6915711
0.2122,0.3834,0.4044,6880643
0.0154,0.5048,0.4798,7224930
0.0114,0.1194,0.8692,6852614
0.0406,0.1798,0.7796,6853816
0.4562,0.3074,0.2364,6811964
0.0024,0.0508,0.9468,6847800
0.1332,0.3708,0.496,6859897
0.023,0.135,0.842,6882929
0.016,0.062,0.922,7157584
0.0004,0.0036,0.996,6863444
0.0278,0.1078,0.8644,6836902
0.0656,0.5508,0.3836,6918960
0.031,0.581,0.388,6882854
0.0054,0.0362,0.9584,6822755
0.121,0.2708,0.6082,6815184
0.025,0.1764,0.7986,6846582
0.0396,0.1844,0.776,6940309
0.0528,0.1876,0.7596,6924056
0.0094,0.1006,0.89,6824481
0.0352,0.1718,0.793,6839735
0.0268,0.2624,0.7108,6900130
0.0054,0.0364,0.9582,6946739
0.038,0.213,0.749,7144008
0.0088,0.0616,0.9296,6863751
0.096,0.3898,0.5142,6820293
0.0358,0.2276,0.7366,6818472
0.1014,0.2308,0.6678,6832420
0.0246,0.167,0.8084,6879450
0.0184,0.4832,0.4984,6943618
0.0148,0.1598,0.8254,6883463
0.1982,0.2258,0.576,6834919
0.0126,0.0498,0.9376,7505696
0.0018,0.0494,0.9488,6903645
0.3418,0.315,0.3432,6831148
0.081,0.1924,0.7266,6828948
0.0106,0.4072,0.5822,6878495
0.0126,0.1294,0.858,6924862
0.0522,0.186,0.7618,6887802
0.392,0.318,0.29,6903228
0.0018,0.0174,0.9808,6947415
0.225,0.3702,0.4048,6941508
0.0424,0.3028,0.6548,6856111
0.0574,0.2718,0.6708,7126808
0.0106,0.1186,0.8708,6939857
0.1336,0.2868,0.5796,6822528
0.1186,0.3364,0.545,6947631
0.0446,0.3016,0.6538,6887810
0.0318,0.1204,0.8478,6849210
0.0014,0.0182,0.9804,6901742
0.2928,0.3894,0.3178,6850925
0.1702,0.3202,0.5096,7181995
0.0008,0.015,0.9842,6841559
0.034,0.0904,0.8756,6822957
0.0084,0.0502,0.9414,6943349
0.0016,0.0126,0.9858,6923825
0.3242,0.3576,0.3182,6871218
0.4854,0.4238,0.0908,6932761
0.0328,0.1814,0.7858,7168983
0.1568,0.4248,0.4184,6853713
0.0434,0.2554,0.7012,6814124
0.0192,0.1626,0.8182,6828980
0.0066,0.0364,0.957,6939747
0.034,0.2978,0.6682,6862615
0.1114,0.272,0.6166,6911182
0.033,0.1616,0.8054,6947421
0.0192,0.0546,0.9262,7163662
0.1112,0.3258,0.563,6933362
0.11,0.2722,0.6178,6822086
0.0104,0.0516,0.938,6939543
0.0714,0.5534,0.3752,6882675
0.011,0.0674,0.9216,6925986
0.045,0.7582,0.1968,6927417
0.0844,0.2326,0.683,6824119
0.0958,0.2856,0.6186,6923589
0.0078,0.0218,0.9704,7205380
0.0872,0.3178,0.595,6904992
0.0186,0.6774,0.304,6857676
0.072,0.538,0.39,6942001
0.0198,0.1318,0.8484,7187800
0.2394,0.516,0.2446,6877985
0.0068,0.0166,0.9766,6821414
0.0066,0.051,0.9424,6864512
0.1416,0.3052,0.5532,6827448
0.019,0.1858,0.7952,6908603
0.0352,0.1808,0.784,7229431
0.0454,0.1832,0.7714,6887335
0.0242,0.3624,0.6134,6882828
0.0084,0.2122,0.7794,6899958
0.069,0.2618,0.6692,6824008
0.0296,0.0662,0.9042,6903906
0.036,0.9296,0.0344,7115894
0.0424,0.2266,0.731,6941723
0.233,0.5848,0.1822,6839785
0.0622,0.2586,0.6792,6886776
0.006,0.0594,0.9346,6916643
0.0224,0.4562,0.5214,6913846
0.0028,0.0096,0.9876,6890122
0.0194,0.0796,0.901,6835099
0.0292,0.281,0.6898,6945428
0.0906,0.2884,0.621,6887669
0.004,0.0172,0.9788,6935132
0.0296,0.1134,0.857,6857587
0.0262,0.3518,0.622,6935498
0.094,0.6504,0.2556,6947868
0.0588,0.3406,0.6006,6850003
0.0042,0.0172,0.9786,6852354
0.0072,0.041,0.9518,6919832
0.0062,0.0328,0.961,6812510
0.399,0.3162,0.2848,6896715
0.0954,0.27,0.6346,7227507
0.0186,0.174,0.8074,6887453
0.037,0.0934,0.8696,6921056
0.2398,0.4216,0.3386,6932635
0.0044,0.046,0.9496,6893393
0.0654,0.2714,0.6632,6940659
0.002,0.0068,0.9912,6891517
0.0862,0.2414,0.6724,6818991
0.0884,0.3122,0.5994,6899307
0.0194,0.1362,0.8444,7175517
0.0096,0.0774,0.913,6895415
0.0612,0.1978,0.741,6945124
0.07,0.3978,0.5322,6878796
0.0246,0.383,0.5924,6901435
0.3406,0.303,0.3564,7098987
0.1644,0.391,0.4446,6868925
0.2662,0.3976,0.3362,6862452
0.0044,0.0356,0.96,6904865
0.0458,0.3178,0.6364,6872445
0.0372,0.1186,0.8442,6816856
0.0014,0.08,0.9186,6910410
0.061,0.3302,0.6088,6847518
0.01,0.0916,0.8984,6860992
0.028,0.2198,0.7522,7093387
0.0206,0.143,0.8364,6891540
0.0044,0.0208,0.9748,6928645
0.0384,0.2044,0.7572,6874105
0.2524,0.3114,0.4362,6819576
0.0014,0.0138,0.9848,6817538
0.3026,0.2666,0.4308,6819741
0.1676,0.4976,0.3348,6878626
0.075,0.3086,0.6164,6901210
0.0146,0.2692,0.7162,6888879
0.0402,0.3902,0.5696,6888947
0.004,0.047,0.949,6883374
0.0086,0.1094,0.882,6836031
0.0024,0.0252,0.9724,6851387
0.1432,0.3772,0.4796,6907149
0.2342,0.3724,0.3934,6882595
0.0888,0.22,0.6912,6816916
0.0022,0.0162,0.9816,6878470
0.0372,0.2102,0.7526,6865752
0.1562,0.326,0.5178,7217321
0.0582,0.2496,0.6922,6944366
0.1854,0.336,0.4786,6918425
0.0428,0.199,0.7582,6821736
0.0336,0.7678,0.1986,6936271
0.1458,0.3326,0.5216,6874179
0.0094,0.0408,0.9498,7135281
0.1894,0.2376,0.573,6942663
0.1728,0.3946,0.4326,6903026
0.0224,0.1562,0.8214,6824421
0.0108,0.0856,0.9036,6820128
0.068,0.2814,0.6506,6850604
0.015,0.0818,0.9032,7120955
0.0176,0.2216,0.7608,6847409
0.0146,0.1288,0.8566,7056210
0.0042,0.0418,0.954,6939935
0.0946,0.3514,0.554,6844699
0.1306,0.3142,0.5552,6833246
0.1096,0.6822,0.2082,6845220
0.1862,0.696,0.1178,6824273
0.2362,0.3858,0.378,6873326
0.0128,0.1274,0.8598,6941227
0.0058,0.0712,0.923,6899355
0.1904,0.3784,0.4312,6880235
0.0482,0.3896,0.5622,6850018
0.074,0.7208,0.2052,6818489
0.0106,0.1058,0.8836,7159592
0.128,0.3468,0.5252,7200711
0.0476,0.1596,0.7928,6842278
0.0206,0.1636,0.8158,6829488
0.0124,0.065,0.9226,6916976
0.0092,0.06,0.9308,6863573
0.0004,0.0076,0.992,6900303
0.0686,0.336,0.5954,6830686
0.0858,0.3008,0.6134,7088285
0.1568,0.3518,0.4914,6875119
0.0064,0.055,0.9386,6852969
0.0144,0.0496,0.936,6834964
0.0482,0.3422,0.6096,6888066
0.018,0.1554,0.8266,6862580
0.2144,0.2968,0.4888,6902903
0.0334,0.16,0.8066,6940227
0.0046,0.0158,0.9796,7094978
0.0312,0.1478,0.821,6849775
0.0268,0.46,0.5132,6852514
0.1408,0.461,0.3982,6908752
0.0396,0.5564,0.404,6926813
0.1078,0.3352,0.557,6867168
0.012,0.0872,0.9008,6916938
0.496,0.2866,0.2174,7217282
0.729,0.1712,0.0998,6830318
0.084,0.1316,0.7844,6841129
0.0914,0.3028,0.6058,6933898
0.0164,0.054,0.9296,6852224
0.1984,0.4792,0.3224,6855108
0.0944,0.3816,0.524,6857681
0.0,0.0156,0.9844,7167282
0.011,0.0708,0.9182,6939214
0.1064,0.366,0.5276,6922283
0.0034,0.0368,0.9598,6859605
0.0214,0.1758,0.8028,6904148
0.0886,0.4734,0.438,6882954
0.0112,0.0842,0.9046,6939093
0.0118,0.0994,0.8888,6831383
0.0076,0.0438,0.9486,6894471
0.104,0.4382,0.4578,6931008
0.0556,0.1756,0.7688,6838588
0.0098,0.0702,0.92,6851730
0.0122,0.1282,0.8596,6911988
0.063,0.3934,0.5436,6814325
0.0896,0.3394,0.571,6838809
0.166,0.3686,0.4654,6822777
0.0946,0.356,0.5494,6887378
0.0046,0.0584,0.937,6913098
0.2336,0.4718,0.2946,6936520
0.1036,0.298,0.5984,6837850
0.0228,0.241,0.7362,6918818
0.0,0.0054,0.9946,6897497
0.0498,0.2886,0.6616,6936577
0.0974,0.6406,0.262,6826594
0.024,0.2276,0.7484,6865047
0.049,0.5814,0.3696,6823879
0.9568,0.0266,0.0166,6914868
0.0016,0.0134,0.985,6863654
0.1108,0.2508,0.6384,6907061
0.0132,0.169,0.8178,7180725
0.0348,0.136,0.8292,7205244
0.0448,0.044,0.9112,6856962
0.0114,0.0456,0.943,6885323
0.5232,0.2856,0.1912,6912379
0.0372,0.2292,0.7336,6858148
0.0784,0.2828,0.6388,6814582
0.083,0.3102,0.6068,6940703
0.0418,0.277,0.6812,7181144
0.093,0.2936,0.6134,6825868
0.0236,0.2114,0.765,6889020
0.0014,0.0126,0.986,6869287
0.0486,0.3216,0.6298,6871054
0.0288,0.1844,0.7868,6870018
0.0212,0.216,0.7628,6895217
0.1166,0.1994,0.684,6855875
0.0932,0.4202,0.4866,7185369
0.2598,0.3136,0.4266,6848724
0.0606,0.5824,0.357,6912010
0.1014,0.4148,0.4838,6911483
0.1038,0.2846,0.6116,6826557
0.0156,0.1364,0.848,6893666
0.0342,0.1272,0.8386,6946801
0.0116,0.102,0.8864,6871189
0.1678,0.732,0.1002,6844700
0.0274,0.1088,0.8638,6832474
0.0136,0.117,0.8694,6922129
0.032,0.2284,0.7396,6941269
0.0074,0.046,0.9466,6850111
0.0044,0.1034,0.8922,6871721
0.0052,0.0238,0.971,6834277
0.0392,0.136,0.8248,6815020
0.098,0.4598,0.4422,6839790
0.0034,0.0288,0.9678,6929149
0.1602,0.3982,0.4416,6832299
0.0366,0.2736,0.6898,6908265
0.0462,0.2398,0.714,6819513
0.0188,0.1484,0.8328,6922046
0.0034,0.1124,0.8842,6911700
0.1872,0.406,0.4068,7132375
0.0868,0.4396,0.4736,6826330
0.0816,0.6282,0.2902,6892358
0.1334,0.4256,0.441,6844735
0.0092,0.0638,0.927,6830282
0.0034,0.027,0.9696,6831883
0.0806,0.2668,0.6526,6861551
0.003,0.0158,0.9812,6857472
0.0852,0.3066,0.6082,6844170
0.0856,0.2906,0.6238,6870992
0.1096,0.1298,0.7606,6824420
0.019,0.0956,0.8854,6842673
0.5134,0.2782,0.2084,6870166
0.0064,0.102,0.8916,6923521
0.1214,0.3372,0.5414,6923067
0.0726,0.6918,0.2356,7102369
0.0494,0.1784,0.7722,6918324
0.0098,0.0922,0.898,6875753
0.0752,0.4344,0.4904,6858106
0.0136,0.1528,0.8336,6945544
0.002,0.0116,0.9864,6843762
0.01,0.074,0.916,6916249
0.1556,0.2802,0.5642,6881283
0.0052,0.0514,0.9434,6905410
0.0714,0.1988,0.7298,6892408
0.0602,0.6536,0.2862,6930990
0.03,0.096,0.874,6835400
0.0254,0.1714,0.8032,6867680
0.0114,0.0852,0.9034,6910555
0.123,0.3394,0.5376,7178838
0.041,0.286,0.673,6925050
0.3454,0.3606,0.294,6831230
0.266,0.2688,0.4652,6884393
0.034,0.1466,0.8194,6850763
0.0052,0.013,0.9818,6835259
0.0316,0.127,0.8414,6878793
0.0176,0.0818,0.9006,6843709
0.017,0.1048,0.8782,6880861
0.1404,0.4344,0.4252,6927246
0.1244,0.3968,0.4788,6884364
0.0078,0.1882,0.804,6932934
0.2908,0.4208,0.2884,6943694
0.0096,0.059,0.9314,6831730
0.1124,0.6548,0.2328,6844928
0.0166,0.0452,0.9382,6885511
0.23,0.4256,0.3444,6844807
0.0008,0.0118,0.9874,6817080
0.0126,0.123,0.8644,6851413
0.0084,0.0892,0.9024,6918623
0.1562,0.5646,0.2792,6932080
0.0022,0.0252,0.9726,7117345
0.003,0.029,0.968,6821425
0.0514,0.2828,0.6658,6924403
0.0406,0.1522,0.8072,6854123
0.0566,0.1802,0.7632,6852889
0.0378,0.2358,0.7264,6866387
0.0402,0.2062,0.7536,6858128
0.0552,0.642,0.3028,6905129
0.0266,0.2164,0.757,6932035
0.1006,0.4798,0.4196,6884265
0.0584,0.187,0.7546,6936966
0.0458,0.0656,0.8886,6881098
0.013,0.1292,0.8578,6869941
0.0202,0.1044,0.8754,6864713
0.0058,0.0556,0.9386,6905259
0.0508,0.6138,0.3354,6889865
0.1102,0.3868,0.503,6870562
0.064,0.2316,0.7044,7124351
0.005,0.0472,0.9478,6857644
0.3164,0.3726,0.311,6891045
0.0494,0.2892,0.6614,6929039
0.0018,0.0156,0.9826,6916229
0.4782,0.2998,0.222,6833556
0.0898,0.2874,0.6228,6838951
0.136,0.248,0.616,6868487
0.0102,0.0298,0.96,6869690
0.0722,0.2502,0.6776,6864005
0.1042,0.2974,0.5984,6923234
0.0376,0.1998,0.7626,6827182
0.1304,0.267,0.6026,7146069
0.0062,0.0454,0.9484,6890503
0.0182,0.3712,0.6106,6911066
0.1226,0.175,0.7024,6876163
0.0432,0.5142,0.4426,6920433
0.1992,0.404,0.3968,6826987
0.0506,0.2576,0.6918,6831058
0.023,0.1016,0.8754,6944184
0.106,0.2182,0.6758,6868480
0.0196,0.0502,0.9302,7097198
0.0054,0.025,0.9696,6914595
0.0358,0.227,0.7372,6879535
0.0116,0.0526,0.9358,6900971
0.0878,0.2202,0.692,6878555
0.031,0.3192,0.6498,6839324
0.0022,0.0072,0.9906,6819925
0.0698,0.344,0.5862,6839386
0.1362,0.442,0.4218,6825584
0.0592,0.1968,0.744,7201758
0.0912,0.4024,0.5064,6864463
0.0224,0.098,0.8796,6815348
0.0678,0.2296,0.7026,6820756
0.0522,0.2244,0.7234,6858699
0.0038,0.0058,0.9904,6843115
0.0018,0.01,0.9882,6850824
0.0398,0.1722,0.788,6937635
0.0674,0.2974,0.6352,6828911
0.0204,0.1866,0.793,7154618
0.1426,0.3764,0.481,6939143
0.0168,0.1232,0.86,6823169
0.0278,0.2844,0.6878,6924844
0.2632,0.3236,0.4132,6815925
0.009,0.0322,0.9588,6947389
0.225,0.3614,0.4136,7203267
0.0998,0.2558,0.6444,6825953
0.043,0.523,0.434,6833542
0.0022,0.0216,0.9762,6854302
0.0994,0.1158,0.7848,6843122
0.0286,0.1454,0.826,6851851
0.1788,0.5942,0.227,6879971
0.0006,0.009,0.9904,7136227
0.011,0.2264,0.7626,6925138
0.0172,0.1528,0.83,6875050
0.1646,0.364,0.4714,6935199
0.0566,0.31,0.6334,6848027
0.2978,0.2806,0.4216,6904795
0.0586,0.2396,0.7018,6818781
0.1516,0.3974,0.451,6871081
0.0202,0.17,0.8098,6888945
0.0272,0.1338,0.839,6925993
0.2376,0.4156,0.3468,6928183
0.0004,0.0126,0.987,6847449
0.033,0.4216,0.5454,6857762
0.097,0.303,0.6,6942172
0.0284,0.1554,0.8162,6916747
0.1808,0.3312,0.488,6813002
0.0,0.0028,0.9972,6923932
0.007,0.1542,0.8388,6939669
0.0888,0.4212,0.49,6854566
0.1256,0.5204,0.354,6909019
0.0026,0.0114,0.986,6869921
0.0414,0.3334,0.6252,6864519
0.0192,0.1926,0.7882,6849438
0.122,0.3962,0.4818,6916590
0.1268,0.3144,0.5588,6947299
0.0044,0.0266,0.969,7152604
0.4404,0.2428,0.3168,6894914
0.0036,0.0182,0.9782,6914502
0.3236,0.3298,0.3466,6820113
0.0088,0.0824,0.9088,6924106
0.24,0.3266,0.4334,6840817
0.146,0.3478,0.5062,6913090
0.0374,0.4088,0.5538,6934517
0.0086,0.0256,0.9658,7152770
0.1994,0.4138,0.3868,6868529
0.0034,0.026,0.9706,6836709
0.0208,0.149,0.8302,6868506
0.0706,0.2754,0.654,6941712
0.0718,0.3496,0.5786,6932760
0.0722,0.2768,0.651,6850191
0.0902,0.7736,0.1362,6878745
0.0966,0.326,0.5774,7094259
0.1496,0.2616,0.5888,6831807
0.0122,0.0252,0.9626,6891698
0.2258,0.3586,0.4156,6923465
0.0352,0.2368,0.728,6899213
0.0004,0.0098,0.9898,6923804
0.0294,0.1168,0.8538,6918979
0.004,0.1636,0.8324,6862421
0.009,0.1068,0.8842,6900993
0.0168,0.5756,0.4076,6861580
0.0112,0.0688,0.92,6906474
0.1592,0.409,0.4318,6847010
0.0258,0.1474,0.8268,6817985
0.0864,0.6308,0.2828,6879738
0.0152,0.2086,0.7762,7169995
0.0204,0.1962,0.7834,6901359
0.0184,0.1204,0.8612,6837382
0.108,0.3746,0.5174,6874250
0.0154,0.0902,0.8944,6886924
0.015,0.0908,0.8942,6894687
0.4026,0.235,0.3624,6937873
0.106,0.279,0.615,6852900
0.0782,0.3766,0.5452,6929432
0.058,0.2304,0.7116,6844489
0.1376,0.5558,0.3066,6844561
0.0598,0.2894,0.6508,6933747
0.095,0.2638,0.6412,6940885
0.173,0.6088,0.2182,6873782
0.0624,0.679,0.2586,6882375
0.1142,0.3738,0.512,6878769
0.1768,0.3106,0.5126,6827016
0.2094,0.2612,0.5294,6820773
0.0302,0.1816,0.7882,6921124
0.3238,0.2818,0.3944,6817935
0.0142,0.057,0.9288,7144533
0.0262,0.0934,0.8804,6813648
0.1452,0.3372,0.5176,6834670
0.0686,0.2724,0.659,6878185
0.092,0.4058,0.5022,6923378
0.0852,0.323,0.5918,6932252
0.0008,0.0186,0.9806,6857065
0.0934,0.338,0.5686,7169899
0.0014,0.0094,0.9892,6887074
0.0282,0.145,0.8268,6849463
0.024,0.1712,0.8048,6934153
0.0404,0.1746,0.785,7116464
0.0322,0.0558,0.912,6897412
0.0542,0.5674,0.3784,6925887
0.0454,0.2098,0.7448,6848650
0.1784,0.338,0.4836,6818453
0.0092,0.1188,0.872,6943153
0.5052,0.2188,0.276,6946348
0.0608,0.4496,0.4896,6878770
0.0002,0.0086,0.9912,6827664
0.0846,0.2894,0.626,6922984
0.1114,0.2942,0.5944,6864544
0.012,0.0898,0.8982,6931437
0.03,0.1836,0.7864,7171071
0.0934,0.7448,0.1618,6908215
0.1088,0.2724,0.6188,6813875
0.0786,0.6502,0.2712,6845221
0.048,0.2874,0.6646,6900902
0.0564,0.2622,0.6814,6925197
0.0026,0.0164,0.981,6850783
0.109,0.3526,0.5384,6869002
0.0222,0.2162,0.7616,7172791
0.0124,0.0696,0.918,6936176
0.2808,0.274,0.4452,6839462
0.0204,0.2982,0.6814,6828651
0.0832,0.2674,0.6494,6912630
0.091,0.2234,0.6856,6925870
0.024,0.387,0.589,6823876
0.0386,0.2,0.7614,6932538
0.009,0.0268,0.9642,6905724
0.0006,0.0046,0.9948,6872564
0.0194,0.226,0.7546,6821027
0.2112,0.1452,0.6436,6943747
0.0036,0.012,0.9844,7150854
0.021,0.1528,0.8262,7140107
0.0492,0.4146,0.5362,6925056
0.093,0.2446,0.6624,6908834
0.0108,0.0436,0.9456,6841620
0.104,0.584,0.312,6927175
0.0294,0.051,0.9196,6911333
0.0856,0.3362,0.5782,6936227
0.074,0.4262,0.4998,6935640
0.0562,0.2878,0.656,6901738
0.5524,0.2532,0.1944,6849053
0.4338,0.3106,0.2556,6879561
0.067,0.2718,0.6612,7166280
0.0122,0.0936,0.8942,6889409
0.0008,0.0054,0.9938,6898181
0.012,0.0712,0.9168,6881507
0.0004,0.0296,0.97,6895263
0.0334,0.162,0.8046,6830090
0.1494,0.5296,0.321,7215380
0.0252,0.086,0.8888,6817698
0.2404,0.5046,0.255,6906566
0.0048,0.039,0.9562,6894990
0.093,0.6636,0.2434,6873889
0.0634,0.5146,0.422,6879553
0.705,0.2038,0.0912,6878327
0.0734,0.6206,0.306,6907502
0.0618,0.2342,0.704,6913646
0.0326,0.1384,0.829,7300745
0.1194,0.3316,0.549,6839638
0.1558,0.6658,0.1784,6856873
0.0686,0.3242,0.6072,6855357
0.0056,0.0632,0.9312,6899979
0.1188,0.142,0.7392,6908433
0.0008,0.0148,0.9844,6907408
0.0434,0.698,0.2586,7170775
0.0102,0.0652,0.9246,6894035
0.0018,0.0218,0.9764,6847457
0.0152,0.0388,0.946,6846258
0.5954,0.289,0.1156,6833602
0.2288,0.5036,0.2676,7113888
0.2898,0.4782,0.232,6896850
0.0026,0.0086,0.9888,6874757
0.0304,0.2432,0.7264,6818474
0.0348,0.333,0.6322,6902137
0.1084,0.327,0.5646,6870798
0.1506,0.3704,0.479,7127496
0.083,0.3276,0.5894,6902192
0.3424,0.0698,0.5878,6881324
0.0104,0.0278,0.9618,6928837
0.17,0.7168,0.1132,6882452
0.009,0.1008,0.8902,6828286
0.0638,0.3208,0.6154,7126963
0.0034,0.0324,0.9642,6862928
0.1734,0.3678,0.4588,6822277
0.0778,0.3482,0.574,6889752
0.0484,0.2078,0.7438,6861415
0.1872,0.3998,0.413,6812868
0.0834,0.6192,0.2974,6937889
0.0208,0.1312,0.848,6935346
0.0348,0.2022,0.763,7282611
0.1178,0.3078,0.5744,6936347
0.026,0.2782,0.6958,6824954
0.0686,0.3482,0.5832,6892538
0.0028,0.0158,0.9814,6928786
0.2,0.5584,0.2416,7164678
0.0146,0.0776,0.9078,6889908
0.2978,0.4786,0.2236,6913892
0.1408,0.4836,0.3756,6837599
0.0054,0.0392,0.9554,6925955
0.1616,0.489,0.3494,6833907
0.0052,0.0358,0.959,6874618
0.1464,0.4916,0.362,6877202
0.0032,0.0216,0.9752,6928643
0.0028,0.0122,0.985,6904977
0.0142,0.0894,0.8964,6890725
0.019,0.2272,0.7538,6821381
0.1076,0.3438,0.5486,6876184
0.0134,0.0908,0.8958,6900571
0.0006,0.0098,0.9896,6885274
0.1384,0.4138,0.4478,6839484
0.0008,0.0446,0.9546,6940393
0.0374,0.1942,0.7684,6947646
0.0358,0.1926,0.7716,7171492
0.0148,0.1236,0.8616,6929184
0.0686,0.293,0.6384,6890360
0.122,0.3896,0.4884,6857523
0.073,0.3284,0.5986,6913381
0.0926,0.159,0.7484,6849511
0.0564,0.2232,0.7204,6877504
0.0124,0.0948,0.8928,7140050
0.0286,0.1674,0.804,6821705
0.568,0.2912,0.1408,6828363
0.1696,0.3016,0.5288,6834416
0.046,0.4432,0.5108,6930248
0.0234,0.2032,0.7734,6859894
0.0048,0.018,0.9772,6812012
0.016,0.026,0.958,7163323
0.1972,0.6496,0.1532,6842540
0.0738,0.2716,0.6546,6868726
0.0394,0.2654,0.6952,6941446
0.0008,0.0882,0.911,6870488
0.2208,0.348,0.4312,6839242
0.0074,0.0808,0.9118,7218255
0.0092,0.0218,0.969,6934549
0.0012,0.005,0.9938,6889895
0.04,0.169,0.791,6825020
0.298,0.4806,0.2214,6894947
0.0082,0.0462,0.9456,7140525
0.0022,0.023,0.9748,6911993
0.0234,0.247,0.7296,6824037
0.124,0.3112,0.5648,6882446
0.0038,0.0264,0.9698,6902447
0.003,0.0194,0.9776,6931156
0.259,0.1344,0.6066,6857795
0.0124,0.038,0.9496,6831494
0.0224,0.0816,0.896,6853601
0.0562,0.2904,0.6534,7098382
0.118,0.3994,0.4826,6896764
0.0054,0.022,0.9726,6852315
0.0916,0.374,0.5344,6879859
0.0198,0.1164,0.8638,6823182
0.201,0.4188,0.3802,7186095
0.002,0.0124,0.9856,6888297
0.0936,0.3458,0.5606,6862915
0.0488,0.1976,0.7536,6876292
0.004,0.0254,0.9706,7125390
0.0762,0.2872,0.6366,6894003
0.1122,0.3234,0.5644,6882334
0.0046,0.0248,0.9706,6902258
0.0008,0.0096,0.9896,7202985
0.0678,0.6098,0.3224,6854703
0.0538,0.2694,0.6768,6867192
0.0012,0.009,0.9898,6891539
0.1592,0.1272,0.7136,6944423
0.0156,0.1246,0.8598,6828554
0.0668,0.7416,0.1916,6909152
0.0024,0.0206,0.977,6916377
0.0266,0.1046,0.8688,6927731
0.0196,0.5076,0.4728,7207035
0.0336,0.139,0.8274,6823232
0.0692,0.6372,0.2936,6920352
0.1952,0.3348,0.47,6927006
0.0026,0.0234,0.974,6882569
0.0282,0.1434,0.8284,6930250
0.0018,0.0098,0.9884,6874927
0.0072,0.1322,0.8606,6819605
0.0228,0.1588,0.8184,6919792
0.018,0.5162,0.4658,6865137
0.036,0.33,0.634,7129277
0.0008,0.008,0.9912,6812483
0.0314,0.407,0.5616,6939010
0.0078,0.0954,0.8968,6946483
0.0446,0.1202,0.8352,6861585
0.0044,0.0418,0.9538,6939744
0.1972,0.3988,0.404,6892611
0.4852,0.2406,0.2742,6830977
0.0012,0.0098,0.989,7128814
0.0232,0.2238,0.753,6923434
0.0408,0.1728,0.7864,6942315
0.3746,0.327,0.2984,6948509
0.0522,0.1994,0.7484,6890231
0.0086,0.1564,0.835,6912207
0.0284,0.1928,0.7788,6838584
0.069,0.2252,0.7058,6847995
0.0342,0.1042,0.8616,6917463
0.0002,0.0098,0.99,6903844
0.077,0.419,0.504,7157390
0.015,0.109,0.876,6855342
0.1778,0.3774,0.4448,6835231
0.001,0.0182,0.9808,6862121
0.0402,0.5248,0.435,6945521
0.0218,0.2704,0.7078,6867420
0.0636,0.502,0.4344,6905101
0.0798,0.3676,0.5526,6818496
0.0176,0.1648,0.8176,6918925
0.2234,0.4736,0.303,7123427
0.0888,0.3518,0.5594,6814336
0.0086,0.1184,0.873,6911832
0.0412,0.2168,0.742,6947977
0.018,0.0612,0.9208,6835357
0.0482,0.275,0.6768,6893083
0.0006,0.0074,0.992,6869401
0.0674,0.3506,0.582,6936872
0.0112,0.0638,0.925,6943363
0.1046,0.3114,0.584,6814666
0.1388,0.4198,0.4414,6831228
0.0676,0.3594,0.573,6930325
0.164,0.2464,0.5896,7135468
0.037,0.6964,0.2666,6935649
0.116,0.248,0.636,6842816
0.015,0.048,0.937,6836648
0.197,0.3388,0.4642,6843370
0.0364,0.2044,0.7592,6829452
0.0142,0.108,0.8778,6814410
0.0142,0.0744,0.9114,6861393
0.054,0.2838,0.6622,6947636
0.0262,0.1286,0.8452,6884926
0.1064,0.3122,0.5814,6948404
0.2862,0.4278,0.286,6879094
0.1724,0.3608,0.4668,6887261
0.0672,0.4648,0.468,6926944
0.0844,0.36,0.5556,6839343
0.0142,0.048,0.9378,6897753
0.019,0.248,0.733,6831379
0.0946,0.4008,0.5046,6836705
0.0404,0.2172,0.7424,6844690
0.0008,0.009,0.9902,6828230
0.1096,0.3136,0.5768,6830259
0.0168,0.766,0.2172,6932110
